1 0.02245703125000
2 0.00550781250000
3 0.00379687500000
4 0.00229296875000
5 0.00173828125000
6 0.00140625000000
7 0.00112109375000
8 0.00080859375000
9 0.00078515625000
10 0.00061718750000
11 0.00049609375000
12 0.00055078125000
13 0.00042578125000
14 0.00036328125000
15 0.00025781250000
16 0.00026953125000
17 0.00026953125000
18 0.00022265625000
19 0.00022265625000
20 0.00026171875000
21 0.00016406250000
22 0.00019921875000
23 0.00016406250000
24 0.00018750000000
25 0.00014843750000
26 0.00014062500000
27 0.00010546875000
28 0.00011718750000
29 0.00011718750000
30 0.00014453125000
31 0.00014453125000
32 0.00010546875000
33 0.00008984375000
34 0.00010546875000
35 0.00010156250000
36 0.00007421875000
37 0.00009765625000
38 0.00008593750000
39 0.00011328125000
40 0.00008203125000
41 0.00008203125000
42 0.00004687500000
43 0.00005078125000
44 0.00010156250000
45 0.00005859375000
46 0.00007812500000
47 0.00005078125000
48 0.00005078125000
49 0.00005078125000
50 0.00005078125000
51 0.00004296875000
52 0.00001953125000
53 0.00005078125000
54 0.00002343750000
55 0.00003906250000
56 0.00004296875000
57 0.00002734375000
58 0.00005859375000
59 0.00002734375000
60 0.00004296875000
61 0.00003906250000
62 0.00002734375000
63 0.00001953125000
64 0.00002734375000
65 0.00001953125000
66 0.00002343750000
67 0.00003515625000
69 0.00001171875000
70 0.00001562500000
71 0.00001562500000
72 0.00000390625000
73 0.00001171875000
74 0.00001562500000
75 0.00000781250000
76 0.00002343750000
77 0.00001171875000
78 0.00000781250000
79 0.00000781250000
80 0.00000781250000
81 0.00000390625000
82 0.00001171875000
83 0.00000781250000
84 0.00000781250000
85 0.00000390625000
86 0.00000390625000
87 0.00000390625000
89 0.00000390625000
91 0.00001171875000
92 0.00000781250000
93 0.00000390625000
94 0.00000390625000
98 0.00000390625000
101 0.00000390625000
102 0.00000390625000
103 0.00000390625000
105 0.00000390625000
107 0.00000390625000
