1 0.01946386718750
2 0.00455566406250
3 0.00271875000000
4 0.00180175781250
5 0.00121875000000
6 0.00097656250000
7 0.00073242187500
8 0.00059570312500
9 0.00052148437500
10 0.00041406250000
11 0.00032617187500
12 0.00026074218750
13 0.00027539062500
14 0.00023730468750
15 0.00020410156250
16 0.00021679687500
17 0.00018164062500
18 0.00016210937500
19 0.00011718750000
20 0.00013281250000
21 0.00014648437500
22 0.00009863281250
23 0.00010156250000
24 0.00009960937500
25 0.00008984375000
26 0.00008105468750
27 0.00007617187500
28 0.00008691406250
29 0.00006347656250
30 0.00005664062500
31 0.00006835937500
32 0.00004687500000
33 0.00005761718750
34 0.00005957031250
35 0.00004199218750
36 0.00004785156250
37 0.00004980468750
38 0.00005664062500
39 0.00004199218750
40 0.00005175781250
41 0.00003515625000
42 0.00004394531250
43 0.00004394531250
44 0.00003906250000
45 0.00003320312500
46 0.00003320312500
47 0.00003710937500
48 0.00003417968750
49 0.00004199218750
50 0.00002441406250
51 0.00002343750000
52 0.00002343750000
53 0.00003222656250
54 0.00003515625000
55 0.00002050781250
56 0.00002636718750
57 0.00002636718750
58 0.00002343750000
59 0.00002246093750
60 0.00002246093750
61 0.00001660156250
62 0.00002050781250
63 0.00002148437500
64 0.00001367187500
65 0.00001367187500
66 0.00001562500000
67 0.00001464843750
68 0.00001464843750
69 0.00001757812500
70 0.00001171875000
71 0.00001562500000
72 0.00001757812500
73 0.00001660156250
74 0.00001171875000
75 0.00001269531250
76 0.00001464843750
77 0.00001171875000
78 0.00001953125000
79 0.00001855468750
80 0.00001757812500
81 0.00002050781250
82 0.00001757812500
83 0.00001855468750
84 0.00001367187500
85 0.00000976562500
86 0.00001269531250
87 0.00001171875000
88 0.00001269531250
89 0.00001269531250
90 0.00001464843750
91 0.00001367187500
92 0.00000976562500
93 0.00001367187500
94 0.00000976562500
95 0.00001074218750
96 0.00001269531250
97 0.00000781250000
98 0.00000976562500
99 0.00000683593750
100 0.00000976562500
101 0.00001367187500
102 0.00000585937500
103 0.00000585937500
104 0.00001171875000
105 0.00000585937500
106 0.00000781250000
107 0.00000878906250
108 0.00001074218750
109 0.00000683593750
110 0.00000976562500
111 0.00000683593750
112 0.00000976562500
113 0.00000878906250
114 0.00000585937500
115 0.00000781250000
116 0.00000585937500
117 0.00000878906250
118 0.00000585937500
119 0.00000781250000
120 0.00001171875000
121 0.00000878906250
122 0.00000683593750
123 0.00000781250000
124 0.00000585937500
125 0.00000585937500
126 0.00000585937500
127 0.00000292968750
128 0.00000488281250
129 0.00000683593750
130 0.00000390625000
131 0.00000781250000
132 0.00000488281250
133 0.00000390625000
134 0.00000878906250
135 0.00000292968750
136 0.00000585937500
137 0.00000390625000
138 0.00000683593750
139 0.00000585937500
140 0.00000488281250
141 0.00000390625000
142 0.00000390625000
143 0.00000488281250
144 0.00000195312500
145 0.00000195312500
146 0.00000781250000
147 0.00000781250000
148 0.00000878906250
149 0.00000195312500
150 0.00000390625000
151 0.00000683593750
152 0.00000390625000
153 0.00000683593750
154 0.00000390625000
155 0.00000683593750
156 0.00000292968750
157 0.00000292968750
158 0.00000292968750
159 0.00000097656250
160 0.00000390625000
161 0.00000683593750
162 0.00000390625000
163 0.00000390625000
164 0.00000781250000
165 0.00000390625000
166 0.00000585937500
167 0.00000390625000
168 0.00000292968750
169 0.00000488281250
170 0.00000488281250
172 0.00000488281250
173 0.00000390625000
174 0.00000488281250
175 0.00000390625000
176 0.00000683593750
177 0.00000488281250
178 0.00000585937500
179 0.00000292968750
180 0.00000097656250
182 0.00000390625000
183 0.00000292968750
184 0.00000097656250
185 0.00000488281250
186 0.00000683593750
187 0.00000195312500
188 0.00000195312500
189 0.00000488281250
190 0.00000292968750
191 0.00000097656250
192 0.00000488281250
193 0.00000488281250
194 0.00000195312500
195 0.00000292968750
196 0.00000585937500
197 0.00000195312500
198 0.00000195312500
199 0.00000390625000
200 0.00000097656250
201 0.00000292968750
202 0.00000292968750
203 0.00000097656250
204 0.00000195312500
205 0.00000390625000
206 0.00000195312500
207 0.00000097656250
208 0.00000195312500
209 0.00000585937500
210 0.00000097656250
211 0.00000195312500
212 0.00000097656250
213 0.00000195312500
214 0.00000292968750
215 0.00000195312500
216 0.00000292968750
217 0.00000292968750
218 0.00000097656250
219 0.00000488281250
220 0.00000195312500
221 0.00000097656250
222 0.00000292968750
223 0.00000292968750
224 0.00000097656250
225 0.00000097656250
226 0.00000390625000
228 0.00000097656250
229 0.00000292968750
230 0.00000097656250
231 0.00000390625000
232 0.00000292968750
233 0.00000097656250
234 0.00000292968750
235 0.00000195312500
236 0.00000292968750
237 0.00000097656250
238 0.00000585937500
239 0.00000195312500
240 0.00000292968750
241 0.00000097656250
242 0.00000195312500
243 0.00000097656250
244 0.00000097656250
245 0.00000097656250
247 0.00000488281250
249 0.00000488281250
250 0.00000097656250
251 0.00000292968750
252 0.00000292968750
253 0.00000097656250
254 0.00000195312500
255 0.00000195312500
256 0.00000292968750
257 0.00000097656250
259 0.00000097656250
261 0.00000195312500
263 0.00000097656250
264 0.00000195312500
266 0.00000195312500
267 0.00000292968750
268 0.00000195312500
269 0.00000195312500
271 0.00000195312500
273 0.00000195312500
274 0.00000097656250
275 0.00000097656250
276 0.00000097656250
277 0.00000195312500
278 0.00000195312500
286 0.00000292968750
287 0.00000097656250
288 0.00000097656250
290 0.00000195312500
291 0.00000097656250
292 0.00000195312500
293 0.00000097656250
295 0.00000097656250
297 0.00000097656250
301 0.00000097656250
302 0.00000097656250
303 0.00000097656250
304 0.00000097656250
305 0.00000097656250
306 0.00000195312500
307 0.00000097656250
308 0.00000097656250
310 0.00000097656250
313 0.00000195312500
319 0.00000097656250
320 0.00000097656250
322 0.00000097656250
325 0.00000097656250
329 0.00000097656250
332 0.00000097656250
333 0.00000195312500
340 0.00000097656250
346 0.00000097656250
349 0.00000097656250
352 0.00000097656250
353 0.00000097656250
361 0.00000097656250
362 0.00000097656250
363 0.00000097656250
366 0.00000195312500
403 0.00000097656250
