8.14778564453125
8.80855468750000
9.52682861328125
10.37061035156250
11.36078369140625
12.44888183593750
13.56099853515624
14.92136230468750
16.57621582031250
18.09840087890625
19.97764160156250
22.17009521484376
25.07824707031250
28.75663818359375
33.03942138671877
37.06353515624999
41.74874023437498
47.45239990234375
54.80724609375001
65.10113281250001
74.86013916015629
82.55223632812498
95.31354492187501
105.80521484374999
115.94677001953130
121.94734863281251
119.24415283203126
123.44863769531253
116.12619140624997
96.82829833984378
86.10095458984377
72.54484375000001
54.78714843750000
41.36618408203125
31.00773681640624
30.12762939453124
26.30443359374999
15.56708496093750
9.78244140625000
7.24870849609375
