8.90503845214844
9.72902221679687
10.58192199707032
11.56532531738282
12.73028930664062
13.97967102050781
15.53752868652344
17.11441589355469
19.19006652832030
21.38200988769531
24.01301391601562
27.01535095214842
30.49337707519530
34.62681518554690
39.82671264648437
45.73591796875002
53.14687805175786
62.72348876953122
74.59032592773431
91.52317199707032
112.53042358398432
148.54834411621098
186.46604309082019
229.04810241699218
283.36249267578125
345.94130004882800
357.04809204101542
348.05884521484376
353.39005065917968
296.99035034179678
247.93000366210941
190.13614746093751
108.75417724609378
103.50734741210940
55.46313293457031
34.02181701660157
14.41789062500000
7.20430419921875
5.70133789062500
5.00903686523438
