9.01976257324219
9.81254409790040
10.73106063842773
11.73749023437499
12.86181289672851
14.21459152221679
15.72144668579101
17.38146514892578
19.36336715698242
21.65575042724608
24.47505935668945
27.79394119262697
31.74638290405274
36.42749740600588
42.05922302246096
49.07818786621095
58.14721710205077
68.90304824829101
82.97256668090813
101.65950378417961
125.91349121093751
160.43670379638678
213.80950851440429
282.99728790283223
400.82888198852572
584.23912872314418
858.18781753540065
1164.70982284545835
1188.80723083496082
971.89753570556684
807.35516677856447
456.14234893798834
142.44965179443361
65.58453628540039
30.35716735839842
8.77745788574219
5.52660995483398
3.60561248779297
2.94252136230469
2.24197799682617
