7.98916015625000
8.58672851562500
9.33924804687500
10.14217773437500
10.87436523437500
11.58011718750000
12.62720703125000
13.31525390624999
14.26590820312500
15.57280273437500
16.95652343750000
18.32675781250000
20.41161132812500
22.36256835937500
24.31152343750000
25.87255859375000
28.25343750000001
30.74435546875000
31.89285156249999
33.64579101562500
33.74732421874999
35.34829101562499
34.72839843749999
34.88700195312500
35.93667968750001
34.29580078125001
34.66805664062500
32.62539062500001
30.39967773437500
27.84937500000000
22.80331054687500
21.52896484375000
19.39979492187500
17.45833984375000
15.36454101562500
14.70178710937500
13.53757812500000
9.39364257812500
8.14161132812500
8.06110351562500
