# 1: Bin number
# 2: r
# 3: g(r)
0	0.0714286	0
1	0.214286	0
2	0.357143	0
3	0.5	0
4	0.642857	0
5	0.785714	0
6	0.928571	1.7752
7	1.07143	14.0883
8	1.21429	0
9	1.35714	0.0096176
10	1.5	0.783485
11	1.64286	2.54072
12	1.78571	0.0750234
13	1.92857	0.0524133
14	2.07143	0.179678
15	2.21429	0.392221
16	2.35714	0.446624
17	2.5	0.557292
18	2.64286	0.643344
19	2.78571	0.717265
20	2.92857	0.817461
21	3.07143	0.946147
22	3.21429	1.08356
23	3.35714	1.15847
24	3.5	1.25253
25	3.64286	1.21301
26	3.78571	1.19371
27	3.92857	1.21531
28	4.07143	1.22672
29	4.21429	1.18539
30	4.35714	1.05992
31	4.5	1.03353
32	4.64286	1.01656
33	4.78571	1.0098
34	4.92857	0.972918
35	5.07143	0.974372
36	5.21429	0.96508
37	5.35714	0.993064
38	5.5	0.999294
39	5.64286	0.961589
40	5.78571	0.979043
41	5.92857	1.00103
42	6.07143	1.00041
43	6.21429	1.01968
44	6.35714	1.01802
45	6.5	1.02979
46	6.64286	1.02997
47	6.78571	1.01921
48	6.92857	1.03948
49	7.07143	1.02379
50	7.21429	1.00766
51	7.35714	1.03524
52	7.5	1.02077
53	7.64286	1.01089
54	7.78571	0.980569
55	7.92857	1.00605
56	8.07143	1.00505
57	8.21429	1.01914
58	8.35714	1.00084
59	8.5	1.01006
60	8.64286	0.992015
61	8.78571	0.986777
62	8.92857	1.00794
63	9.07143	1.01092
64	9.21429	0.990466
65	9.35714	0.995082
66	9.5	0.995929
67	9.64286	1.0021
68	9.78571	1.00305
69	9.92857	0.99733
