1 0.01703015136719
2 0.00350720214844
3 0.00205767822266
4 0.00131072998047
5 0.00092449951172
6 0.00066375732422
7 0.00051306152344
8 0.00040191650391
9 0.00033569335938
10 0.00028137207031
11 0.00022595214844
12 0.00020227050781
13 0.00017395019531
14 0.00015118408203
15 0.00013000488281
16 0.00011883544922
17 0.00010272216797
18 0.00009674072266
19 0.00008355712891
20 0.00008020019531
21 0.00007299804687
22 0.00006274414063
23 0.00006109619141
24 0.00005621337891
25 0.00005151367188
26 0.00005053710938
27 0.00004492187500
28 0.00004406738281
29 0.00003991699219
30 0.00003790283203
31 0.00003576660156
32 0.00003411865234
33 0.00003393554688
34 0.00003259277344
35 0.00002862548828
36 0.00002880859375
37 0.00002514648437
38 0.00002319335937
39 0.00002099609375
40 0.00002209472656
41 0.00002282714844
42 0.00002032470703
43 0.00001910400391
44 0.00001940917969
45 0.00001733398437
46 0.00001776123047
47 0.00001599121094
48 0.00001690673828
49 0.00001507568359
50 0.00001544189453
51 0.00001562500000
52 0.00001287841797
53 0.00001361083984
54 0.00001226806641
55 0.00001379394531
56 0.00001184082031
57 0.00001208496094
58 0.00001177978516
59 0.00001190185547
60 0.00001135253906
61 0.00000915527344
62 0.00000994873047
63 0.00001000976563
64 0.00000903320312
65 0.00000891113281
66 0.00000787353516
67 0.00000939941406
68 0.00000769042969
69 0.00000701904297
70 0.00000744628906
71 0.00000769042969
72 0.00000738525391
73 0.00000695800781
74 0.00000738525391
75 0.00000561523437
76 0.00000775146484
77 0.00000659179687
78 0.00000555419922
79 0.00000677490234
80 0.00000592041016
81 0.00000659179687
82 0.00000610351562
83 0.00000616455078
84 0.00000598144531
85 0.00000488281250
86 0.00000610351562
87 0.00000604248047
88 0.00000482177734
89 0.00000512695312
90 0.00000512695312
91 0.00000427246094
92 0.00000543212891
93 0.00000439453125
94 0.00000482177734
95 0.00000378417969
96 0.00000408935547
97 0.00000354003906
98 0.00000457763672
99 0.00000415039063
100 0.00000512695312
101 0.00000347900391
102 0.00000329589844
103 0.00000390625000
104 0.00000360107422
105 0.00000335693359
106 0.00000396728516
107 0.00000280761719
108 0.00000451660156
109 0.00000390625000
110 0.00000366210937
111 0.00000384521484
112 0.00000311279297
113 0.00000354003906
114 0.00000274658203
115 0.00000341796875
116 0.00000280761719
117 0.00000323486328
118 0.00000329589844
119 0.00000323486328
120 0.00000274658203
121 0.00000402832031
122 0.00000286865234
123 0.00000341796875
124 0.00000256347656
125 0.00000262451172
126 0.00000335693359
127 0.00000280761719
128 0.00000329589844
129 0.00000311279297
130 0.00000274658203
131 0.00000238037109
132 0.00000213623047
133 0.00000183105469
134 0.00000213623047
135 0.00000244140625
136 0.00000225830078
137 0.00000195312500
138 0.00000183105469
139 0.00000268554687
140 0.00000244140625
141 0.00000219726562
142 0.00000238037109
143 0.00000189208984
144 0.00000213623047
145 0.00000189208984
146 0.00000195312500
147 0.00000158691406
148 0.00000231933594
149 0.00000207519531
150 0.00000177001953
151 0.00000213623047
152 0.00000238037109
153 0.00000164794922
154 0.00000238037109
155 0.00000183105469
156 0.00000134277344
157 0.00000189208984
158 0.00000146484375
159 0.00000128173828
160 0.00000231933594
161 0.00000152587891
162 0.00000177001953
163 0.00000122070313
164 0.00000170898438
165 0.00000152587891
166 0.00000170898438
167 0.00000207519531
168 0.00000109863281
169 0.00000170898438
170 0.00000128173828
171 0.00000170898438
172 0.00000207519531
173 0.00000103759766
174 0.00000128173828
175 0.00000091552734
176 0.00000109863281
177 0.00000128173828
178 0.00000128173828
179 0.00000085449219
180 0.00000128173828
181 0.00000122070313
182 0.00000134277344
183 0.00000128173828
184 0.00000103759766
185 0.00000140380859
186 0.00000079345703
187 0.00000091552734
188 0.00000158691406
189 0.00000134277344
190 0.00000091552734
191 0.00000115966797
192 0.00000128173828
193 0.00000177001953
194 0.00000115966797
195 0.00000146484375
196 0.00000140380859
197 0.00000103759766
198 0.00000103759766
199 0.00000115966797
200 0.00000109863281
201 0.00000091552734
202 0.00000122070313
203 0.00000122070313
204 0.00000073242187
205 0.00000128173828
206 0.00000134277344
207 0.00000103759766
208 0.00000079345703
209 0.00000042724609
210 0.00000079345703
211 0.00000073242187
212 0.00000109863281
213 0.00000134277344
214 0.00000091552734
215 0.00000115966797
216 0.00000115966797
217 0.00000091552734
218 0.00000103759766
219 0.00000103759766
220 0.00000146484375
221 0.00000054931641
222 0.00000146484375
223 0.00000091552734
224 0.00000103759766
225 0.00000140380859
226 0.00000103759766
227 0.00000097656250
228 0.00000128173828
229 0.00000079345703
230 0.00000079345703
231 0.00000079345703
232 0.00000061035156
233 0.00000091552734
234 0.00000097656250
235 0.00000085449219
236 0.00000109863281
237 0.00000097656250
238 0.00000109863281
239 0.00000042724609
240 0.00000042724609
241 0.00000097656250
242 0.00000134277344
243 0.00000115966797
244 0.00000067138672
245 0.00000128173828
246 0.00000042724609
247 0.00000054931641
248 0.00000048828125
249 0.00000091552734
250 0.00000085449219
251 0.00000079345703
252 0.00000042724609
253 0.00000079345703
254 0.00000134277344
255 0.00000067138672
256 0.00000073242187
257 0.00000073242187
258 0.00000079345703
259 0.00000085449219
260 0.00000097656250
261 0.00000048828125
262 0.00000061035156
263 0.00000012207031
264 0.00000079345703
265 0.00000061035156
266 0.00000085449219
267 0.00000085449219
268 0.00000079345703
269 0.00000067138672
270 0.00000079345703
271 0.00000042724609
272 0.00000042724609
273 0.00000061035156
274 0.00000091552734
275 0.00000067138672
276 0.00000073242187
277 0.00000024414063
278 0.00000079345703
279 0.00000036621094
280 0.00000073242187
281 0.00000067138672
282 0.00000097656250
283 0.00000073242187
284 0.00000109863281
285 0.00000054931641
286 0.00000085449219
287 0.00000042724609
288 0.00000054931641
289 0.00000079345703
290 0.00000091552734
291 0.00000079345703
292 0.00000042724609
293 0.00000061035156
294 0.00000054931641
295 0.00000054931641
296 0.00000085449219
297 0.00000085449219
298 0.00000042724609
299 0.00000024414063
300 0.00000048828125
301 0.00000030517578
302 0.00000018310547
303 0.00000042724609
304 0.00000079345703
305 0.00000067138672
306 0.00000030517578
307 0.00000042724609
308 0.00000079345703
309 0.00000036621094
310 0.00000067138672
311 0.00000054931641
312 0.00000030517578
313 0.00000085449219
314 0.00000079345703
315 0.00000048828125
316 0.00000085449219
317 0.00000054931641
318 0.00000036621094
319 0.00000036621094
320 0.00000042724609
321 0.00000067138672
322 0.00000091552734
323 0.00000067138672
324 0.00000073242187
325 0.00000042724609
326 0.00000073242187
327 0.00000079345703
328 0.00000042724609
329 0.00000030517578
330 0.00000042724609
331 0.00000042724609
332 0.00000030517578
333 0.00000030517578
334 0.00000030517578
335 0.00000036621094
336 0.00000036621094
337 0.00000024414063
338 0.00000048828125
339 0.00000061035156
340 0.00000067138672
341 0.00000048828125
342 0.00000048828125
343 0.00000030517578
344 0.00000061035156
345 0.00000054931641
346 0.00000042724609
347 0.00000036621094
348 0.00000085449219
349 0.00000036621094
350 0.00000006103516
351 0.00000048828125
352 0.00000018310547
353 0.00000036621094
354 0.00000030517578
355 0.00000036621094
356 0.00000030517578
357 0.00000030517578
358 0.00000042724609
359 0.00000024414063
360 0.00000030517578
361 0.00000036621094
362 0.00000006103516
363 0.00000030517578
364 0.00000036621094
365 0.00000024414063
366 0.00000030517578
367 0.00000018310547
368 0.00000146484375
369 0.00000048828125
370 0.00000048828125
371 0.00000036621094
372 0.00000048828125
373 0.00000054931641
374 0.00000048828125
375 0.00000030517578
376 0.00000024414063
377 0.00000042724609
378 0.00000012207031
379 0.00000012207031
380 0.00000012207031
381 0.00000042724609
382 0.00000054931641
383 0.00000036621094
384 0.00000030517578
385 0.00000030517578
386 0.00000036621094
387 0.00000042724609
388 0.00000012207031
389 0.00000024414063
390 0.00000067138672
391 0.00000054931641
392 0.00000024414063
393 0.00000048828125
394 0.00000030517578
395 0.00000048828125
396 0.00000006103516
397 0.00000036621094
398 0.00000036621094
399 0.00000030517578
400 0.00000018310547
401 0.00000030517578
402 0.00000048828125
403 0.00000024414063
404 0.00000030517578
405 0.00000024414063
406 0.00000024414063
407 0.00000042724609
408 0.00000030517578
409 0.00000042724609
410 0.00000030517578
411 0.00000085449219
412 0.00000042724609
413 0.00000030517578
414 0.00000030517578
415 0.00000030517578
416 0.00000018310547
417 0.00000030517578
418 0.00000024414063
419 0.00000061035156
420 0.00000018310547
421 0.00000024414063
422 0.00000024414063
423 0.00000042724609
424 0.00000042724609
425 0.00000054931641
426 0.00000042724609
427 0.00000030517578
428 0.00000042724609
429 0.00000036621094
430 0.00000036621094
431 0.00000024414063
432 0.00000030517578
433 0.00000024414063
434 0.00000030517578
435 0.00000024414063
436 0.00000006103516
437 0.00000030517578
438 0.00000042724609
439 0.00000030517578
440 0.00000018310547
441 0.00000048828125
442 0.00000048828125
443 0.00000036621094
444 0.00000024414063
445 0.00000036621094
446 0.00000030517578
447 0.00000006103516
448 0.00000048828125
449 0.00000024414063
450 0.00000042724609
451 0.00000024414063
452 0.00000048828125
453 0.00000030517578
454 0.00000030517578
455 0.00000006103516
456 0.00000030517578
457 0.00000012207031
458 0.00000006103516
459 0.00000042724609
460 0.00000024414063
461 0.00000030517578
462 0.00000048828125
463 0.00000012207031
464 0.00000012207031
465 0.00000018310547
466 0.00000054931641
467 0.00000012207031
468 0.00000012207031
469 0.00000018310547
470 0.00000012207031
471 0.00000018310547
472 0.00000030517578
473 0.00000048828125
474 0.00000012207031
475 0.00000024414063
476 0.00000018310547
477 0.00000024414063
478 0.00000012207031
479 0.00000018310547
480 0.00000036621094
481 0.00000024414063
482 0.00000018310547
483 0.00000036621094
484 0.00000024414063
485 0.00000030517578
486 0.00000012207031
487 0.00000012207031
488 0.00000018310547
489 0.00000030517578
490 0.00000018310547
491 0.00000024414063
492 0.00000012207031
493 0.00000024414063
494 0.00000012207031
495 0.00000012207031
496 0.00000036621094
497 0.00000018310547
498 0.00000006103516
499 0.00000018310547
500 0.00000048828125
501 0.00000042724609
502 0.00000030517578
503 0.00000030517578
504 0.00000018310547
505 0.00000024414063
506 0.00000067138672
507 0.00000018310547
508 0.00000012207031
509 0.00000024414063
510 0.00000006103516
511 0.00000024414063
512 0.00000006103516
513 0.00000012207031
514 0.00000018310547
515 0.00000018310547
516 0.00000030517578
517 0.00000024414063
518 0.00000036621094
519 0.00000012207031
520 0.00000024414063
521 0.00000006103516
522 0.00000018310547
524 0.00000018310547
525 0.00000024414063
526 0.00000012207031
527 0.00000018310547
528 0.00000018310547
529 0.00000012207031
530 0.00000024414063
531 0.00000012207031
532 0.00000030517578
533 0.00000024414063
534 0.00000024414063
535 0.00000042724609
536 0.00000018310547
537 0.00000012207031
538 0.00000024414063
539 0.00000030517578
540 0.00000018310547
541 0.00000018310547
542 0.00000006103516
543 0.00000024414063
544 0.00000018310547
545 0.00000024414063
547 0.00000024414063
548 0.00000018310547
549 0.00000018310547
550 0.00000012207031
551 0.00000018310547
552 0.00000012207031
553 0.00000006103516
554 0.00000024414063
555 0.00000018310547
556 0.00000018310547
557 0.00000024414063
558 0.00000024414063
559 0.00000012207031
560 0.00000036621094
561 0.00000042724609
562 0.00000012207031
563 0.00000030517578
564 0.00000006103516
565 0.00000018310547
567 0.00000012207031
568 0.00000024414063
569 0.00000018310547
570 0.00000030517578
571 0.00000012207031
572 0.00000048828125
573 0.00000030517578
574 0.00000006103516
575 0.00000018310547
576 0.00000012207031
577 0.00000018310547
578 0.00000018310547
579 0.00000018310547
580 0.00000012207031
581 0.00000018310547
582 0.00000012207031
583 0.00000030517578
584 0.00000006103516
585 0.00000012207031
586 0.00000048828125
587 0.00000018310547
588 0.00000030517578
589 0.00000006103516
590 0.00000006103516
592 0.00000024414063
593 0.00000018310547
594 0.00000012207031
595 0.00000024414063
596 0.00000030517578
597 0.00000018310547
598 0.00000030517578
599 0.00000012207031
600 0.00000024414063
601 0.00000012207031
602 0.00000024414063
603 0.00000012207031
604 0.00000012207031
605 0.00000012207031
606 0.00000012207031
607 0.00000012207031
608 0.00000024414063
609 0.00000012207031
610 0.00000018310547
611 0.00000030517578
612 0.00000006103516
613 0.00000006103516
614 0.00000006103516
615 0.00000024414063
616 0.00000018310547
618 0.00000018310547
619 0.00000006103516
620 0.00000018310547
621 0.00000030517578
622 0.00000006103516
623 0.00000012207031
624 0.00000006103516
625 0.00000006103516
626 0.00000006103516
627 0.00000006103516
628 0.00000006103516
629 0.00000018310547
630 0.00000012207031
631 0.00000018310547
632 0.00000018310547
633 0.00000018310547
634 0.00000006103516
635 0.00000030517578
636 0.00000030517578
638 0.00000036621094
639 0.00000018310547
640 0.00000012207031
641 0.00000006103516
642 0.00000018310547
643 0.00000018310547
644 0.00000030517578
645 0.00000006103516
646 0.00000018310547
648 0.00000006103516
649 0.00000024414063
651 0.00000006103516
652 0.00000018310547
653 0.00000012207031
654 0.00000018310547
655 0.00000012207031
656 0.00000012207031
657 0.00000006103516
658 0.00000006103516
659 0.00000006103516
661 0.00000012207031
662 0.00000012207031
663 0.00000006103516
664 0.00000006103516
665 0.00000006103516
666 0.00000042724609
667 0.00000012207031
668 0.00000018310547
669 0.00000018310547
670 0.00000036621094
671 0.00000024414063
672 0.00000012207031
673 0.00000012207031
674 0.00000012207031
675 0.00000012207031
676 0.00000036621094
677 0.00000018310547
678 0.00000012207031
680 0.00000018310547
681 0.00000018310547
682 0.00000012207031
683 0.00000006103516
684 0.00000012207031
685 0.00000006103516
686 0.00000012207031
687 0.00000006103516
688 0.00000018310547
689 0.00000024414063
690 0.00000036621094
691 0.00000012207031
692 0.00000018310547
693 0.00000012207031
694 0.00000006103516
695 0.00000006103516
696 0.00000006103516
698 0.00000018310547
700 0.00000024414063
701 0.00000012207031
702 0.00000012207031
703 0.00000012207031
704 0.00000024414063
705 0.00000006103516
706 0.00000006103516
707 0.00000030517578
708 0.00000012207031
709 0.00000018310547
710 0.00000018310547
711 0.00000012207031
712 0.00000006103516
713 0.00000006103516
714 0.00000006103516
715 0.00000036621094
716 0.00000012207031
717 0.00000018310547
718 0.00000006103516
719 0.00000030517578
720 0.00000006103516
721 0.00000024414063
722 0.00000024414063
723 0.00000006103516
724 0.00000006103516
726 0.00000012207031
727 0.00000006103516
728 0.00000006103516
729 0.00000012207031
731 0.00000018310547
732 0.00000006103516
733 0.00000012207031
734 0.00000006103516
735 0.00000012207031
736 0.00000012207031
737 0.00000024414063
738 0.00000006103516
739 0.00000006103516
740 0.00000018310547
743 0.00000018310547
744 0.00000006103516
745 0.00000018310547
746 0.00000012207031
747 0.00000012207031
749 0.00000018310547
750 0.00000030517578
752 0.00000012207031
755 0.00000012207031
756 0.00000006103516
757 0.00000006103516
758 0.00000006103516
759 0.00000030517578
761 0.00000018310547
762 0.00000012207031
763 0.00000018310547
764 0.00000012207031
765 0.00000012207031
766 0.00000006103516
767 0.00000024414063
768 0.00000018310547
769 0.00000012207031
770 0.00000018310547
771 0.00000012207031
772 0.00000018310547
773 0.00000024414063
774 0.00000006103516
775 0.00000006103516
776 0.00000006103516
777 0.00000018310547
778 0.00000006103516
779 0.00000012207031
780 0.00000006103516
781 0.00000018310547
784 0.00000018310547
785 0.00000006103516
786 0.00000012207031
787 0.00000006103516
788 0.00000012207031
789 0.00000012207031
790 0.00000006103516
791 0.00000018310547
793 0.00000018310547
794 0.00000006103516
795 0.00000018310547
796 0.00000012207031
798 0.00000006103516
799 0.00000012207031
800 0.00000018310547
802 0.00000012207031
803 0.00000006103516
805 0.00000018310547
807 0.00000012207031
809 0.00000012207031
810 0.00000012207031
812 0.00000018310547
813 0.00000024414063
814 0.00000012207031
816 0.00000018310547
817 0.00000018310547
818 0.00000024414063
819 0.00000006103516
820 0.00000012207031
821 0.00000012207031
823 0.00000012207031
824 0.00000012207031
825 0.00000006103516
826 0.00000018310547
828 0.00000006103516
829 0.00000018310547
830 0.00000012207031
831 0.00000006103516
832 0.00000006103516
833 0.00000024414063
834 0.00000006103516
835 0.00000012207031
836 0.00000006103516
837 0.00000012207031
838 0.00000018310547
839 0.00000012207031
840 0.00000012207031
841 0.00000012207031
842 0.00000030517578
843 0.00000006103516
845 0.00000006103516
846 0.00000006103516
847 0.00000006103516
848 0.00000036621094
849 0.00000018310547
850 0.00000006103516
851 0.00000006103516
852 0.00000012207031
853 0.00000012207031
854 0.00000012207031
855 0.00000018310547
856 0.00000006103516
857 0.00000006103516
858 0.00000006103516
859 0.00000012207031
860 0.00000018310547
861 0.00000012207031
862 0.00000006103516
863 0.00000018310547
864 0.00000024414063
865 0.00000024414063
866 0.00000006103516
867 0.00000006103516
868 0.00000024414063
869 0.00000006103516
871 0.00000006103516
872 0.00000006103516
874 0.00000006103516
876 0.00000006103516
877 0.00000012207031
878 0.00000006103516
879 0.00000012207031
880 0.00000024414063
881 0.00000018310547
882 0.00000012207031
885 0.00000018310547
886 0.00000012207031
887 0.00000006103516
889 0.00000012207031
890 0.00000006103516
891 0.00000018310547
892 0.00000012207031
893 0.00000036621094
894 0.00000012207031
895 0.00000006103516
897 0.00000006103516
898 0.00000012207031
899 0.00000012207031
901 0.00000018310547
902 0.00000018310547
903 0.00000012207031
904 0.00000006103516
906 0.00000006103516
907 0.00000012207031
908 0.00000006103516
909 0.00000006103516
910 0.00000012207031
911 0.00000012207031
912 0.00000012207031
913 0.00000006103516
915 0.00000006103516
916 0.00000012207031
917 0.00000006103516
918 0.00000012207031
919 0.00000012207031
920 0.00000006103516
921 0.00000006103516
922 0.00000006103516
923 0.00000030517578
924 0.00000006103516
926 0.00000018310547
927 0.00000018310547
928 0.00000012207031
929 0.00000006103516
932 0.00000006103516
934 0.00000006103516
935 0.00000018310547
936 0.00000012207031
937 0.00000006103516
938 0.00000030517578
940 0.00000012207031
941 0.00000012207031
942 0.00000006103516
943 0.00000012207031
944 0.00000024414063
946 0.00000006103516
951 0.00000006103516
952 0.00000006103516
953 0.00000018310547
955 0.00000006103516
957 0.00000006103516
958 0.00000018310547
959 0.00000006103516
962 0.00000006103516
966 0.00000012207031
968 0.00000006103516
969 0.00000018310547
970 0.00000018310547
971 0.00000012207031
972 0.00000006103516
974 0.00000012207031
975 0.00000012207031
976 0.00000012207031
977 0.00000012207031
978 0.00000006103516
979 0.00000012207031
980 0.00000012207031
982 0.00000006103516
983 0.00000012207031
984 0.00000006103516
985 0.00000018310547
986 0.00000006103516
987 0.00000018310547
990 0.00000006103516
992 0.00000006103516
993 0.00000006103516
994 0.00000018310547
996 0.00000006103516
997 0.00000006103516
998 0.00000006103516
999 0.00000036621094
1002 0.00000006103516
1005 0.00000012207031
1006 0.00000012207031
1007 0.00000006103516
1008 0.00000036621094
1009 0.00000012207031
1010 0.00000018310547
1011 0.00000012207031
1013 0.00000012207031
1014 0.00000006103516
1015 0.00000012207031
1017 0.00000012207031
1018 0.00000006103516
1019 0.00000006103516
1022 0.00000006103516
1023 0.00000018310547
1024 0.00000006103516
1026 0.00000024414063
1027 0.00000006103516
1028 0.00000012207031
1029 0.00000018310547
1030 0.00000006103516
1031 0.00000030517578
1032 0.00000006103516
1033 0.00000006103516
1035 0.00000012207031
1036 0.00000006103516
1039 0.00000006103516
1040 0.00000024414063
1042 0.00000012207031
1044 0.00000006103516
1045 0.00000012207031
1047 0.00000006103516
1049 0.00000012207031
1050 0.00000006103516
1051 0.00000012207031
1052 0.00000006103516
1054 0.00000006103516
1055 0.00000012207031
1056 0.00000012207031
1058 0.00000018310547
1060 0.00000006103516
1062 0.00000012207031
1063 0.00000006103516
1065 0.00000018310547
1066 0.00000006103516
1068 0.00000006103516
1069 0.00000006103516
1070 0.00000006103516
1072 0.00000006103516
1074 0.00000012207031
1075 0.00000006103516
1076 0.00000024414063
1077 0.00000006103516
1079 0.00000006103516
1080 0.00000006103516
1081 0.00000006103516
1082 0.00000024414063
1083 0.00000012207031
1085 0.00000006103516
1086 0.00000030517578
1087 0.00000006103516
1088 0.00000006103516
1089 0.00000018310547
1090 0.00000018310547
1091 0.00000018310547
1093 0.00000006103516
1096 0.00000024414063
1097 0.00000006103516
1098 0.00000006103516
1099 0.00000006103516
1100 0.00000012207031
1102 0.00000012207031
1103 0.00000006103516
1104 0.00000006103516
1108 0.00000006103516
1109 0.00000012207031
1110 0.00000006103516
1111 0.00000006103516
1112 0.00000012207031
1115 0.00000006103516
1117 0.00000012207031
1119 0.00000006103516
1120 0.00000006103516
1121 0.00000018310547
1123 0.00000006103516
1125 0.00000012207031
1128 0.00000012207031
1129 0.00000006103516
1132 0.00000006103516
1133 0.00000012207031
1135 0.00000006103516
1136 0.00000006103516
1137 0.00000006103516
1139 0.00000012207031
1141 0.00000012207031
1142 0.00000006103516
1143 0.00000006103516
1144 0.00000006103516
1146 0.00000006103516
1148 0.00000012207031
1149 0.00000006103516
1152 0.00000006103516
1153 0.00000006103516
1154 0.00000018310547
1155 0.00000006103516
1156 0.00000006103516
1157 0.00000006103516
1158 0.00000006103516
1159 0.00000018310547
1160 0.00000006103516
1161 0.00000012207031
1162 0.00000006103516
1163 0.00000006103516
1165 0.00000006103516
1166 0.00000018310547
1167 0.00000012207031
1168 0.00000006103516
1170 0.00000018310547
1171 0.00000006103516
1174 0.00000018310547
1175 0.00000006103516
1176 0.00000006103516
1179 0.00000006103516
1182 0.00000012207031
1183 0.00000006103516
1185 0.00000006103516
1186 0.00000006103516
1188 0.00000006103516
1192 0.00000006103516
1193 0.00000012207031
1194 0.00000012207031
1197 0.00000006103516
1199 0.00000006103516
1200 0.00000018310547
1201 0.00000006103516
1202 0.00000006103516
1204 0.00000006103516
1207 0.00000012207031
1208 0.00000006103516
1210 0.00000012207031
1211 0.00000012207031
1212 0.00000006103516
1213 0.00000006103516
1214 0.00000006103516
1216 0.00000006103516
1217 0.00000006103516
1218 0.00000006103516
1220 0.00000006103516
1221 0.00000006103516
1222 0.00000018310547
1225 0.00000006103516
1226 0.00000006103516
1227 0.00000006103516
1228 0.00000006103516
1229 0.00000012207031
1231 0.00000018310547
1234 0.00000006103516
1235 0.00000006103516
1237 0.00000012207031
1238 0.00000006103516
1240 0.00000012207031
1241 0.00000006103516
1243 0.00000012207031
1247 0.00000006103516
1248 0.00000006103516
1249 0.00000006103516
1250 0.00000012207031
1253 0.00000012207031
1254 0.00000006103516
1257 0.00000006103516
1259 0.00000006103516
1261 0.00000006103516
1262 0.00000012207031
1270 0.00000012207031
1271 0.00000006103516
1272 0.00000012207031
1275 0.00000006103516
1277 0.00000006103516
1278 0.00000006103516
1279 0.00000018310547
1281 0.00000006103516
1283 0.00000012207031
1285 0.00000006103516
1287 0.00000006103516
1288 0.00000006103516
1289 0.00000012207031
1290 0.00000006103516
1291 0.00000006103516
1292 0.00000012207031
1293 0.00000018310547
1294 0.00000018310547
1296 0.00000012207031
1297 0.00000006103516
1298 0.00000006103516
1299 0.00000006103516
1300 0.00000006103516
1301 0.00000012207031
1303 0.00000006103516
1304 0.00000006103516
1305 0.00000012207031
1313 0.00000006103516
1314 0.00000006103516
1315 0.00000006103516
1316 0.00000006103516
1317 0.00000006103516
1319 0.00000012207031
1320 0.00000006103516
1322 0.00000006103516
1323 0.00000012207031
1324 0.00000006103516
1325 0.00000018310547
1328 0.00000012207031
1330 0.00000006103516
1331 0.00000006103516
1333 0.00000006103516
1334 0.00000018310547
1338 0.00000012207031
1339 0.00000006103516
1340 0.00000006103516
1341 0.00000006103516
1343 0.00000006103516
1345 0.00000006103516
1346 0.00000006103516
1348 0.00000006103516
1356 0.00000006103516
1357 0.00000006103516
1358 0.00000006103516
1360 0.00000006103516
1361 0.00000006103516
1362 0.00000006103516
1363 0.00000006103516
1365 0.00000006103516
1366 0.00000006103516
1367 0.00000006103516
1370 0.00000006103516
1371 0.00000006103516
1374 0.00000006103516
1376 0.00000006103516
1379 0.00000006103516
1381 0.00000006103516
1383 0.00000006103516
1384 0.00000006103516
1391 0.00000006103516
1392 0.00000006103516
1393 0.00000006103516
1394 0.00000018310547
1395 0.00000012207031
1396 0.00000006103516
1399 0.00000006103516
1403 0.00000006103516
1404 0.00000006103516
1405 0.00000006103516
1407 0.00000012207031
1409 0.00000006103516
1411 0.00000012207031
1412 0.00000006103516
1413 0.00000006103516
1416 0.00000012207031
1418 0.00000012207031
1419 0.00000006103516
1420 0.00000012207031
1427 0.00000006103516
1428 0.00000006103516
1429 0.00000012207031
1431 0.00000012207031
1432 0.00000006103516
1433 0.00000012207031
1434 0.00000012207031
1438 0.00000006103516
1441 0.00000012207031
1442 0.00000006103516
1443 0.00000006103516
1446 0.00000006103516
1447 0.00000006103516
1450 0.00000012207031
1453 0.00000012207031
1454 0.00000006103516
1455 0.00000006103516
1456 0.00000006103516
1457 0.00000006103516
1461 0.00000024414063
1465 0.00000006103516
1467 0.00000030517578
1468 0.00000006103516
1471 0.00000006103516
1473 0.00000006103516
1476 0.00000012207031
1480 0.00000006103516
1482 0.00000012207031
1486 0.00000006103516
1487 0.00000006103516
1493 0.00000006103516
1495 0.00000018310547
1498 0.00000006103516
1499 0.00000006103516
1500 0.00000012207031
1503 0.00000012207031
1505 0.00000012207031
1506 0.00000006103516
1510 0.00000006103516
1511 0.00000006103516
1512 0.00000012207031
1514 0.00000006103516
1515 0.00000006103516
1516 0.00000006103516
1520 0.00000006103516
1521 0.00000006103516
1522 0.00000006103516
1524 0.00000012207031
1530 0.00000018310547
1534 0.00000006103516
1535 0.00000006103516
1537 0.00000012207031
1538 0.00000006103516
1539 0.00000006103516
1540 0.00000006103516
1541 0.00000006103516
1543 0.00000012207031
1547 0.00000018310547
1548 0.00000006103516
1551 0.00000012207031
1553 0.00000006103516
1554 0.00000006103516
1556 0.00000012207031
1557 0.00000012207031
1561 0.00000012207031
1564 0.00000006103516
1565 0.00000012207031
1566 0.00000006103516
1567 0.00000012207031
1570 0.00000006103516
1571 0.00000006103516
1572 0.00000006103516
1575 0.00000012207031
1576 0.00000006103516
1577 0.00000006103516
1581 0.00000006103516
1582 0.00000006103516
1583 0.00000006103516
1584 0.00000006103516
1585 0.00000006103516
1587 0.00000006103516
1588 0.00000024414063
1592 0.00000006103516
1593 0.00000006103516
1595 0.00000006103516
1596 0.00000006103516
1601 0.00000006103516
1606 0.00000012207031
1609 0.00000006103516
1612 0.00000012207031
1613 0.00000006103516
1616 0.00000006103516
1619 0.00000006103516
1625 0.00000006103516
1626 0.00000012207031
1629 0.00000006103516
1630 0.00000012207031
1633 0.00000006103516
1634 0.00000006103516
1635 0.00000006103516
1638 0.00000006103516
1640 0.00000006103516
1644 0.00000006103516
1646 0.00000006103516
1649 0.00000006103516
1653 0.00000006103516
1655 0.00000006103516
1656 0.00000006103516
1664 0.00000006103516
1665 0.00000006103516
1669 0.00000006103516
1670 0.00000006103516
1671 0.00000006103516
1673 0.00000012207031
1678 0.00000012207031
1679 0.00000006103516
1680 0.00000006103516
1681 0.00000006103516
1682 0.00000006103516
1687 0.00000006103516
1688 0.00000006103516
1689 0.00000006103516
1695 0.00000006103516
1696 0.00000012207031
1701 0.00000006103516
1702 0.00000006103516
1703 0.00000012207031
1704 0.00000006103516
1705 0.00000006103516
1708 0.00000006103516
1709 0.00000006103516
1713 0.00000006103516
1714 0.00000006103516
1715 0.00000006103516
1721 0.00000006103516
1726 0.00000006103516
1727 0.00000012207031
1729 0.00000006103516
1730 0.00000006103516
1735 0.00000006103516
1738 0.00000012207031
1739 0.00000006103516
1743 0.00000006103516
1745 0.00000006103516
1747 0.00000006103516
1749 0.00000018310547
1750 0.00000006103516
1751 0.00000006103516
1752 0.00000006103516
1758 0.00000006103516
1759 0.00000006103516
1762 0.00000006103516
1763 0.00000006103516
1764 0.00000006103516
1766 0.00000006103516
1767 0.00000006103516
1768 0.00000006103516
1770 0.00000006103516
1771 0.00000006103516
1773 0.00000006103516
1776 0.00000006103516
1781 0.00000006103516
1786 0.00000006103516
1787 0.00000006103516
1789 0.00000006103516
1792 0.00000006103516
1794 0.00000006103516
1795 0.00000006103516
1797 0.00000006103516
1798 0.00000012207031
1803 0.00000006103516
1807 0.00000018310547
1809 0.00000006103516
1812 0.00000012207031
1813 0.00000012207031
1814 0.00000006103516
1815 0.00000006103516
1817 0.00000006103516
1819 0.00000006103516
1821 0.00000006103516
1823 0.00000006103516
1825 0.00000006103516
1831 0.00000006103516
1832 0.00000006103516
1834 0.00000006103516
1837 0.00000006103516
1838 0.00000006103516
1843 0.00000006103516
1849 0.00000006103516
1850 0.00000006103516
1853 0.00000006103516
1857 0.00000012207031
1858 0.00000006103516
1860 0.00000006103516
1862 0.00000006103516
1866 0.00000006103516
1867 0.00000012207031
1870 0.00000006103516
1873 0.00000006103516
1875 0.00000006103516
1880 0.00000006103516
1881 0.00000006103516
1885 0.00000006103516
1891 0.00000006103516
1893 0.00000006103516
1898 0.00000006103516
1902 0.00000006103516
1910 0.00000012207031
1913 0.00000006103516
1915 0.00000006103516
1918 0.00000006103516
1919 0.00000006103516
1927 0.00000006103516
1928 0.00000006103516
1940 0.00000006103516
1941 0.00000006103516
1943 0.00000006103516
1944 0.00000018310547
1947 0.00000006103516
1948 0.00000012207031
1950 0.00000006103516
1952 0.00000006103516
1956 0.00000018310547
1957 0.00000006103516
1959 0.00000006103516
1962 0.00000006103516
1965 0.00000006103516
1970 0.00000006103516
1972 0.00000006103516
1973 0.00000006103516
1975 0.00000006103516
1976 0.00000006103516
1977 0.00000006103516
1983 0.00000006103516
1986 0.00000012207031
1987 0.00000006103516
1989 0.00000006103516
1992 0.00000006103516
1993 0.00000012207031
1996 0.00000006103516
2002 0.00000006103516
2003 0.00000006103516
2004 0.00000006103516
2007 0.00000006103516
2015 0.00000006103516
2016 0.00000006103516
2018 0.00000006103516
2020 0.00000006103516
2021 0.00000006103516
2023 0.00000006103516
2029 0.00000012207031
2030 0.00000006103516
2034 0.00000006103516
2036 0.00000012207031
2037 0.00000006103516
2039 0.00000006103516
2044 0.00000006103516
2047 0.00000006103516
2048 0.00000006103516
2052 0.00000006103516
2053 0.00000006103516
2054 0.00000012207031
2056 0.00000006103516
2057 0.00000006103516
2059 0.00000006103516
2063 0.00000006103516
2064 0.00000006103516
2066 0.00000006103516
2067 0.00000006103516
2070 0.00000012207031
2072 0.00000006103516
2082 0.00000006103516
2083 0.00000006103516
2089 0.00000006103516
2091 0.00000006103516
2092 0.00000006103516
2093 0.00000006103516
2094 0.00000006103516
2096 0.00000018310547
2099 0.00000006103516
2104 0.00000006103516
2118 0.00000006103516
2121 0.00000006103516
2123 0.00000006103516
2127 0.00000006103516
2129 0.00000006103516
2136 0.00000006103516
2138 0.00000006103516
2139 0.00000006103516
2142 0.00000006103516
2144 0.00000012207031
2150 0.00000006103516
2152 0.00000012207031
2154 0.00000012207031
2162 0.00000006103516
2164 0.00000006103516
2165 0.00000006103516
2166 0.00000006103516
2167 0.00000018310547
2172 0.00000006103516
2176 0.00000006103516
2180 0.00000006103516
2182 0.00000012207031
2186 0.00000006103516
2189 0.00000006103516
2202 0.00000006103516
2214 0.00000006103516
2223 0.00000006103516
2224 0.00000006103516
2228 0.00000006103516
2232 0.00000006103516
2233 0.00000006103516
2236 0.00000012207031
2243 0.00000006103516
2244 0.00000012207031
2252 0.00000006103516
2253 0.00000006103516
2256 0.00000006103516
2263 0.00000006103516
2267 0.00000006103516
2274 0.00000006103516
2276 0.00000006103516
2287 0.00000006103516
2288 0.00000006103516
2289 0.00000006103516
2294 0.00000006103516
2296 0.00000006103516
2298 0.00000006103516
2303 0.00000006103516
2305 0.00000006103516
2307 0.00000012207031
2312 0.00000012207031
2313 0.00000006103516
2314 0.00000006103516
2318 0.00000006103516
2319 0.00000006103516
2321 0.00000006103516
2324 0.00000012207031
2325 0.00000006103516
2326 0.00000006103516
2327 0.00000012207031
2328 0.00000006103516
2329 0.00000006103516
2334 0.00000006103516
2339 0.00000006103516
2341 0.00000012207031
2342 0.00000006103516
2345 0.00000006103516
2347 0.00000006103516
2349 0.00000006103516
2351 0.00000006103516
2364 0.00000006103516
2367 0.00000006103516
2368 0.00000006103516
2369 0.00000006103516
2374 0.00000006103516
2376 0.00000006103516
2378 0.00000006103516
2382 0.00000006103516
2389 0.00000006103516
2390 0.00000006103516
2392 0.00000012207031
2393 0.00000006103516
2406 0.00000006103516
2409 0.00000006103516
2419 0.00000006103516
2428 0.00000006103516
2429 0.00000006103516
2432 0.00000006103516
2433 0.00000006103516
2438 0.00000006103516
2445 0.00000006103516
2447 0.00000006103516
2449 0.00000006103516
2450 0.00000006103516
2451 0.00000006103516
2467 0.00000006103516
2469 0.00000006103516
2470 0.00000006103516
2473 0.00000006103516
2476 0.00000006103516
2478 0.00000006103516
2482 0.00000006103516
2493 0.00000006103516
2507 0.00000006103516
2514 0.00000006103516
2522 0.00000006103516
2527 0.00000006103516
2534 0.00000006103516
2536 0.00000006103516
2541 0.00000006103516
2543 0.00000006103516
2544 0.00000012207031
2547 0.00000006103516
2551 0.00000006103516
2555 0.00000006103516
2558 0.00000012207031
2559 0.00000006103516
2573 0.00000006103516
2574 0.00000006103516
2575 0.00000006103516
2577 0.00000006103516
2579 0.00000006103516
2590 0.00000006103516
2591 0.00000006103516
2594 0.00000006103516
2595 0.00000006103516
2596 0.00000006103516
2615 0.00000006103516
2616 0.00000006103516
2631 0.00000006103516
2644 0.00000006103516
2657 0.00000012207031
2658 0.00000006103516
2659 0.00000006103516
2668 0.00000006103516
2670 0.00000006103516
2671 0.00000006103516
2679 0.00000006103516
2682 0.00000006103516
2686 0.00000006103516
2687 0.00000006103516
2688 0.00000006103516
2690 0.00000006103516
2697 0.00000006103516
2701 0.00000006103516
2704 0.00000006103516
2707 0.00000006103516
2709 0.00000006103516
2716 0.00000012207031
2718 0.00000006103516
2723 0.00000006103516
2729 0.00000006103516
2740 0.00000006103516
2751 0.00000012207031
2759 0.00000006103516
2760 0.00000006103516
2763 0.00000006103516
2770 0.00000006103516
2773 0.00000006103516
2774 0.00000006103516
2775 0.00000006103516
2779 0.00000006103516
2781 0.00000006103516
2783 0.00000006103516
2804 0.00000006103516
2805 0.00000006103516
2807 0.00000006103516
2816 0.00000006103516
2821 0.00000006103516
2834 0.00000006103516
2838 0.00000006103516
2848 0.00000006103516
2851 0.00000006103516
2854 0.00000006103516
2855 0.00000006103516
2857 0.00000006103516
2873 0.00000006103516
2882 0.00000006103516
2888 0.00000006103516
2890 0.00000006103516
2894 0.00000006103516
2897 0.00000006103516
2899 0.00000006103516
2900 0.00000012207031
2901 0.00000006103516
2905 0.00000006103516
2906 0.00000006103516
2908 0.00000006103516
2910 0.00000006103516
2915 0.00000006103516
2916 0.00000006103516
2924 0.00000006103516
2927 0.00000006103516
2951 0.00000006103516
2958 0.00000006103516
2969 0.00000006103516
2974 0.00000006103516
2982 0.00000006103516
2984 0.00000012207031
2993 0.00000006103516
2994 0.00000006103516
3003 0.00000006103516
3017 0.00000006103516
3019 0.00000006103516
3024 0.00000006103516
3028 0.00000006103516
3032 0.00000006103516
3033 0.00000006103516
3035 0.00000006103516
3056 0.00000006103516
3069 0.00000006103516
3081 0.00000006103516
3088 0.00000006103516
3109 0.00000006103516
3110 0.00000006103516
3129 0.00000006103516
3131 0.00000006103516
3151 0.00000006103516
3152 0.00000006103516
3166 0.00000006103516
3184 0.00000006103516
3185 0.00000006103516
3189 0.00000006103516
3190 0.00000006103516
3208 0.00000006103516
3218 0.00000006103516
3224 0.00000006103516
3228 0.00000006103516
3229 0.00000006103516
3235 0.00000006103516
3267 0.00000006103516
3268 0.00000006103516
3269 0.00000006103516
3282 0.00000006103516
3290 0.00000006103516
3293 0.00000006103516
3299 0.00000006103516
3301 0.00000006103516
3305 0.00000006103516
3307 0.00000006103516
3308 0.00000006103516
3319 0.00000006103516
3331 0.00000006103516
3356 0.00000006103516
3387 0.00000006103516
3388 0.00000006103516
3405 0.00000006103516
3415 0.00000006103516
3417 0.00000006103516
3422 0.00000006103516
3424 0.00000006103516
3444 0.00000006103516
3484 0.00000006103516
3494 0.00000006103516
3498 0.00000006103516
3510 0.00000006103516
3521 0.00000006103516
3525 0.00000006103516
3527 0.00000006103516
3552 0.00000006103516
3571 0.00000012207031
3585 0.00000006103516
3586 0.00000006103516
3607 0.00000006103516
3611 0.00000006103516
3619 0.00000006103516
3625 0.00000006103516
3661 0.00000006103516
3662 0.00000006103516
3664 0.00000006103516
3701 0.00000006103516
3724 0.00000006103516
3733 0.00000006103516
3758 0.00000006103516
3771 0.00000006103516
3787 0.00000006103516
3789 0.00000006103516
3837 0.00000006103516
3845 0.00000006103516
3854 0.00000006103516
3886 0.00000006103516
3926 0.00000006103516
3935 0.00000006103516
3955 0.00000006103516
3958 0.00000006103516
3999 0.00000006103516
4004 0.00000006103516
4006 0.00000006103516
4025 0.00000006103516
4075 0.00000006103516
4083 0.00000006103516
4102 0.00000006103516
4107 0.00000006103516
4110 0.00000006103516
4118 0.00000006103516
4130 0.00000006103516
4147 0.00000006103516
4165 0.00000006103516
4206 0.00000006103516
4215 0.00000006103516
4231 0.00000006103516
4233 0.00000006103516
4242 0.00000006103516
4300 0.00000006103516
4307 0.00000006103516
4392 0.00000006103516
4407 0.00000006103516
4485 0.00000006103516
4659 0.00000006103516
4797 0.00000006103516
4872 0.00000006103516
4941 0.00000006103516
4948 0.00000006103516
4963 0.00000006103516
5260 0.00000006103516
