1 0.01666642761230
2 0.00335679626465
3 0.00196308898926
4 0.00125053405762
5 0.00086943054199
6 0.00062435913086
7 0.00048088073730
8 0.00038256835937
9 0.00030525207520
10 0.00025645446777
11 0.00021231079102
12 0.00017826843262
13 0.00015466308594
14 0.00013546752930
15 0.00012107849121
16 0.00010594177246
17 0.00009451293945
18 0.00008502197266
19 0.00007940673828
20 0.00007072448730
21 0.00006317138672
22 0.00005955505371
23 0.00005198669434
24 0.00004852294922
25 0.00004502868652
26 0.00004251098633
27 0.00003976440430
28 0.00003656005859
29 0.00003489685059
30 0.00003231811523
31 0.00003186035156
32 0.00002838134766
33 0.00002668762207
34 0.00002546691895
35 0.00002360534668
36 0.00002250671387
37 0.00002149963379
38 0.00002124023437
39 0.00001931762695
40 0.00001910400391
41 0.00001844787598
42 0.00001734924316
43 0.00001699829102
44 0.00001577758789
45 0.00001510620117
46 0.00001452636719
47 0.00001441955566
48 0.00001309204102
49 0.00001245117187
50 0.00001220703125
51 0.00001260375977
52 0.00001162719727
53 0.00001011657715
54 0.00001040649414
55 0.00000953674316
56 0.00000994873047
57 0.00000993347168
58 0.00000915527344
59 0.00000843811035
60 0.00000834655762
61 0.00000854492188
62 0.00000822448730
63 0.00000708007813
64 0.00000772094727
65 0.00000685119629
66 0.00000735473633
67 0.00000817871094
68 0.00000679016113
69 0.00000653076172
70 0.00000674438477
71 0.00000662231445
72 0.00000607299805
73 0.00000611877441
74 0.00000552368164
75 0.00000584411621
76 0.00000546264648
77 0.00000527954102
78 0.00000610351562
79 0.00000500488281
80 0.00000506591797
81 0.00000495910645
82 0.00000439453125
83 0.00000460815430
84 0.00000476074219
85 0.00000466918945
86 0.00000431823730
87 0.00000436401367
88 0.00000437927246
89 0.00000485229492
90 0.00000350952148
91 0.00000393676758
92 0.00000407409668
93 0.00000354003906
94 0.00000338745117
95 0.00000424194336
96 0.00000335693359
97 0.00000314331055
98 0.00000337219238
99 0.00000373840332
100 0.00000311279297
101 0.00000369262695
102 0.00000338745117
103 0.00000308227539
104 0.00000318908691
105 0.00000315856934
106 0.00000315856934
107 0.00000274658203
108 0.00000289916992
109 0.00000268554687
110 0.00000270080566
111 0.00000248718262
112 0.00000241088867
113 0.00000259399414
114 0.00000245666504
115 0.00000256347656
116 0.00000254821777
117 0.00000288391113
118 0.00000221252441
119 0.00000213623047
120 0.00000219726562
121 0.00000234985352
122 0.00000221252441
123 0.00000198364258
124 0.00000215148926
125 0.00000221252441
126 0.00000215148926
127 0.00000212097168
128 0.00000173950195
129 0.00000195312500
130 0.00000199890137
131 0.00000212097168
132 0.00000216674805
133 0.00000186157227
134 0.00000187683105
135 0.00000192260742
136 0.00000175476074
137 0.00000207519531
138 0.00000189208984
139 0.00000189208984
140 0.00000161743164
141 0.00000172424316
142 0.00000186157227
143 0.00000175476074
144 0.00000199890137
145 0.00000140380859
146 0.00000138854980
147 0.00000148010254
148 0.00000154113770
149 0.00000160217285
150 0.00000126647949
151 0.00000152587891
152 0.00000128173828
153 0.00000157165527
154 0.00000148010254
155 0.00000160217285
156 0.00000161743164
157 0.00000137329102
158 0.00000119018555
159 0.00000125122070
160 0.00000137329102
161 0.00000117492676
162 0.00000137329102
163 0.00000117492676
164 0.00000111389160
165 0.00000146484375
166 0.00000109863281
167 0.00000115966797
168 0.00000108337402
169 0.00000144958496
170 0.00000114440918
171 0.00000109863281
172 0.00000125122070
173 0.00000120544434
174 0.00000131225586
175 0.00000134277344
176 0.00000112915039
177 0.00000108337402
178 0.00000097656250
179 0.00000103759766
180 0.00000093078613
181 0.00000100708008
182 0.00000119018555
183 0.00000112915039
184 0.00000102233887
185 0.00000109863281
186 0.00000117492676
187 0.00000109863281
188 0.00000117492676
189 0.00000097656250
190 0.00000086975098
191 0.00000096130371
192 0.00000094604492
193 0.00000103759766
194 0.00000117492676
195 0.00000100708008
196 0.00000071716309
197 0.00000074768066
198 0.00000094604492
199 0.00000077819824
200 0.00000096130371
201 0.00000088500977
8394 0.00000003051758
203 0.00000079345703
204 0.00000085449219
205 0.00000093078613
206 0.00000073242187
207 0.00000097656250
208 0.00000074768066
209 0.00000082397461
210 0.00000091552734
211 0.00000088500977
212 0.00000076293945
213 0.00000083923340
214 0.00000082397461
215 0.00000076293945
216 0.00000071716309
217 0.00000080871582
218 0.00000073242187
219 0.00000086975098
220 0.00000065612793
221 0.00000079345703
222 0.00000068664551
223 0.00000067138672
224 0.00000073242187
225 0.00000065612793
226 0.00000070190430
227 0.00000062561035
228 0.00000068664551
229 0.00000076293945
230 0.00000062561035
231 0.00000067138672
232 0.00000050354004
233 0.00000074768066
234 0.00000053405762
235 0.00000067138672
8428 0.00000003051758
237 0.00000048828125
238 0.00000073242187
239 0.00000054931641
240 0.00000064086914
241 0.00000051879883
242 0.00000047302246
243 0.00000053405762
244 0.00000076293945
245 0.00000067138672
246 0.00000051879883
247 0.00000068664551
248 0.00000061035156
249 0.00000056457520
250 0.00000071716309
251 0.00000042724609
252 0.00000047302246
253 0.00000044250488
254 0.00000062561035
255 0.00000062561035
256 0.00000056457520
257 0.00000070190430
258 0.00000064086914
259 0.00000047302246
260 0.00000064086914
261 0.00000047302246
262 0.00000057983398
263 0.00000065612793
264 0.00000035095215
265 0.00000057983398
266 0.00000051879883
267 0.00000050354004
268 0.00000042724609
269 0.00000056457520
270 0.00000027465820
271 0.00000038146973
272 0.00000053405762
273 0.00000053405762
274 0.00000044250488
275 0.00000061035156
276 0.00000051879883
277 0.00000035095215
278 0.00000045776367
279 0.00000045776367
280 0.00000047302246
281 0.00000042724609
282 0.00000053405762
283 0.00000062561035
284 0.00000047302246
285 0.00000039672852
286 0.00000044250488
287 0.00000045776367
288 0.00000053405762
289 0.00000054931641
290 0.00000035095215
291 0.00000056457520
292 0.00000045776367
293 0.00000044250488
294 0.00000041198730
295 0.00000041198730
296 0.00000033569336
297 0.00000036621094
298 0.00000048828125
299 0.00000038146973
300 0.00000048828125
301 0.00000038146973
302 0.00000048828125
303 0.00000044250488
304 0.00000041198730
305 0.00000041198730
306 0.00000044250488
307 0.00000035095215
308 0.00000030517578
309 0.00000042724609
310 0.00000047302246
311 0.00000044250488
312 0.00000045776367
313 0.00000036621094
314 0.00000050354004
315 0.00000041198730
316 0.00000041198730
317 0.00000047302246
318 0.00000033569336
319 0.00000042724609
320 0.00000027465820
321 0.00000038146973
322 0.00000039672852
323 0.00000025939941
324 0.00000033569336
325 0.00000044250488
326 0.00000033569336
327 0.00000036621094
328 0.00000047302246
329 0.00000022888184
330 0.00000027465820
331 0.00000039672852
332 0.00000027465820
333 0.00000016784668
334 0.00000028991699
335 0.00000038146973
336 0.00000032043457
337 0.00000030517578
338 0.00000027465820
339 0.00000027465820
340 0.00000036621094
341 0.00000035095215
342 0.00000030517578
343 0.00000033569336
344 0.00000032043457
345 0.00000032043457
346 0.00000028991699
347 0.00000022888184
348 0.00000028991699
349 0.00000024414063
350 0.00000028991699
351 0.00000045776367
352 0.00000039672852
353 0.00000030517578
354 0.00000039672852
355 0.00000028991699
356 0.00000032043457
357 0.00000021362305
358 0.00000030517578
359 0.00000030517578
360 0.00000024414063
361 0.00000028991699
362 0.00000028991699
363 0.00000035095215
364 0.00000047302246
365 0.00000028991699
366 0.00000030517578
367 0.00000024414063
368 0.00000021362305
369 0.00000044250488
370 0.00000036621094
371 0.00000028991699
372 0.00000016784668
373 0.00000012207031
374 0.00000030517578
375 0.00000021362305
376 0.00000025939941
377 0.00000019836426
378 0.00000024414063
379 0.00000025939941
380 0.00000025939941
381 0.00000025939941
382 0.00000022888184
383 0.00000018310547
384 0.00000012207031
385 0.00000027465820
386 0.00000032043457
387 0.00000025939941
388 0.00000022888184
389 0.00000019836426
390 0.00000018310547
391 0.00000019836426
392 0.00000041198730
393 0.00000030517578
394 0.00000028991699
395 0.00000028991699
396 0.00000036621094
397 0.00000028991699
398 0.00000016784668
399 0.00000009155273
400 0.00000039672852
401 0.00000027465820
402 0.00000018310547
403 0.00000025939941
404 0.00000016784668
405 0.00000016784668
406 0.00000027465820
407 0.00000024414063
408 0.00000016784668
409 0.00000033569336
410 0.00000015258789
411 0.00000028991699
412 0.00000019836426
413 0.00000018310547
414 0.00000028991699
415 0.00000019836426
416 0.00000042724609
417 0.00000021362305
418 0.00000022888184
419 0.00000022888184
420 0.00000019836426
421 0.00000021362305
422 0.00000018310547
423 0.00000027465820
424 0.00000027465820
425 0.00000018310547
426 0.00000021362305
427 0.00000024414063
428 0.00000033569336
429 0.00000021362305
430 0.00000028991699
431 0.00000016784668
432 0.00000021362305
433 0.00000019836426
434 0.00000013732910
435 0.00000015258789
436 0.00000012207031
437 0.00000015258789
438 0.00000021362305
439 0.00000024414063
440 0.00000018310547
441 0.00000016784668
442 0.00000013732910
443 0.00000022888184
444 0.00000022888184
445 0.00000012207031
446 0.00000030517578
447 0.00000015258789
448 0.00000019836426
449 0.00000012207031
450 0.00000030517578
451 0.00000013732910
452 0.00000013732910
453 0.00000016784668
454 0.00000015258789
455 0.00000012207031
456 0.00000019836426
457 0.00000025939941
458 0.00000015258789
459 0.00000019836426
460 0.00000012207031
461 0.00000012207031
462 0.00000018310547
463 0.00000016784668
464 0.00000015258789
465 0.00000018310547
466 0.00000021362305
467 0.00000022888184
468 0.00000012207031
469 0.00000016784668
470 0.00000016784668
471 0.00000012207031
472 0.00000018310547
473 0.00000018310547
474 0.00000015258789
475 0.00000012207031
476 0.00000013732910
477 0.00000021362305
478 0.00000007629395
479 0.00000027465820
480 0.00000010681152
481 0.00000015258789
482 0.00000016784668
483 0.00000013732910
484 0.00000016784668
485 0.00000009155273
486 0.00000021362305
487 0.00000010681152
488 0.00000015258789
489 0.00000015258789
490 0.00000028991699
491 0.00000018310547
492 0.00000018310547
493 0.00000016784668
494 0.00000018310547
495 0.00000022888184
496 0.00000018310547
497 0.00000015258789
498 0.00000009155273
499 0.00000015258789
500 0.00000018310547
501 0.00000012207031
502 0.00000016784668
503 0.00000015258789
504 0.00000009155273
505 0.00000012207031
506 0.00000013732910
507 0.00000010681152
508 0.00000015258789
509 0.00000015258789
510 0.00000016784668
511 0.00000021362305
512 0.00000016784668
513 0.00000019836426
514 0.00000016784668
515 0.00000016784668
516 0.00000015258789
517 0.00000010681152
518 0.00000021362305
519 0.00000015258789
520 0.00000021362305
521 0.00000016784668
522 0.00000018310547
523 0.00000010681152
524 0.00000016784668
525 0.00000016784668
526 0.00000012207031
527 0.00000016784668
528 0.00000012207031
529 0.00000009155273
530 0.00000012207031
531 0.00000015258789
532 0.00000016784668
533 0.00000019836426
534 0.00000018310547
535 0.00000009155273
536 0.00000012207031
537 0.00000007629395
538 0.00000013732910
539 0.00000007629395
540 0.00000015258789
541 0.00000019836426
542 0.00000025939941
543 0.00000012207031
544 0.00000009155273
545 0.00000012207031
546 0.00000013732910
547 0.00000021362305
548 0.00000010681152
549 0.00000015258789
550 0.00000010681152
551 0.00000010681152
552 0.00000007629395
553 0.00000009155273
554 0.00000007629395
555 0.00000010681152
556 0.00000021362305
557 0.00000012207031
558 0.00000010681152
559 0.00000010681152
560 0.00000013732910
561 0.00000022888184
562 0.00000016784668
563 0.00000012207031
564 0.00000021362305
565 0.00000012207031
566 0.00000018310547
567 0.00000007629395
568 0.00000007629395
569 0.00000015258789
570 0.00000012207031
571 0.00000007629395
572 0.00000010681152
573 0.00000009155273
574 0.00000013732910
575 0.00000019836426
576 0.00000012207031
577 0.00000022888184
578 0.00000015258789
579 0.00000006103516
580 0.00000019836426
581 0.00000013732910
582 0.00000003051758
583 0.00000016784668
584 0.00000004577637
585 0.00000010681152
586 0.00000012207031
587 0.00000013732910
588 0.00000007629395
589 0.00000012207031
590 0.00000010681152
591 0.00000016784668
592 0.00000007629395
593 0.00000004577637
594 0.00000001525879
595 0.00000007629395
596 0.00000009155273
597 0.00000012207031
598 0.00000012207031
599 0.00000010681152
600 0.00000013732910
601 0.00000007629395
602 0.00000015258789
603 0.00000010681152
604 0.00000015258789
605 0.00000015258789
606 0.00000015258789
607 0.00000012207031
608 0.00000009155273
609 0.00000007629395
610 0.00000021362305
611 0.00000009155273
612 0.00000016784668
613 0.00000012207031
614 0.00000009155273
615 0.00000010681152
616 0.00000012207031
617 0.00000015258789
618 0.00000010681152
619 0.00000006103516
620 0.00000009155273
621 0.00000016784668
622 0.00000007629395
623 0.00000010681152
624 0.00000010681152
625 0.00000006103516
626 0.00000015258789
627 0.00000010681152
628 0.00000015258789
629 0.00000012207031
630 0.00000013732910
631 0.00000009155273
632 0.00000006103516
633 0.00000015258789
634 0.00000009155273
635 0.00000007629395
636 0.00000018310547
637 0.00000007629395
638 0.00000007629395
639 0.00000015258789
640 0.00000007629395
641 0.00000007629395
642 0.00000013732910
643 0.00000018310547
644 0.00000013732910
645 0.00000007629395
646 0.00000010681152
647 0.00000015258789
648 0.00000010681152
649 0.00000007629395
650 0.00000009155273
651 0.00000006103516
652 0.00000010681152
653 0.00000004577637
654 0.00000010681152
655 0.00000022888184
656 0.00000004577637
657 0.00000013732910
658 0.00000012207031
659 0.00000006103516
660 0.00000013732910
661 0.00000013732910
662 0.00000001525879
663 0.00000006103516
664 0.00000015258789
665 0.00000010681152
8858 0.00000001525879
667 0.00000007629395
668 0.00000004577637
669 0.00000012207031
670 0.00000009155273
671 0.00000015258789
672 0.00000006103516
673 0.00000019836426
674 0.00000013732910
675 0.00000007629395
676 0.00000006103516
677 0.00000010681152
678 0.00000015258789
679 0.00000009155273
680 0.00000009155273
681 0.00000004577637
682 0.00000007629395
683 0.00000012207031
684 0.00000007629395
685 0.00000009155273
686 0.00000010681152
687 0.00000006103516
688 0.00000010681152
689 0.00000009155273
690 0.00000003051758
691 0.00000010681152
692 0.00000007629395
693 0.00000009155273
694 0.00000007629395
695 0.00000003051758
696 0.00000007629395
697 0.00000004577637
698 0.00000003051758
699 0.00000010681152
700 0.00000004577637
701 0.00000001525879
702 0.00000010681152
8309 0.00000001525879
704 0.00000007629395
705 0.00000012207031
706 0.00000009155273
707 0.00000012207031
708 0.00000010681152
709 0.00000004577637
710 0.00000012207031
711 0.00000004577637
712 0.00000007629395
713 0.00000010681152
714 0.00000007629395
715 0.00000007629395
716 0.00000009155273
717 0.00000016784668
718 0.00000003051758
719 0.00000012207031
720 0.00000010681152
721 0.00000010681152
722 0.00000010681152
723 0.00000012207031
724 0.00000009155273
725 0.00000013732910
726 0.00000009155273
727 0.00000013732910
728 0.00000006103516
729 0.00000007629395
730 0.00000013732910
731 0.00000004577637
732 0.00000006103516
733 0.00000009155273
734 0.00000006103516
735 0.00000007629395
736 0.00000012207031
737 0.00000001525879
738 0.00000012207031
739 0.00000001525879
740 0.00000010681152
741 0.00000009155273
742 0.00000006103516
743 0.00000007629395
8936 0.00000001525879
8937 0.00000001525879
746 0.00000007629395
747 0.00000012207031
748 0.00000010681152
749 0.00000007629395
750 0.00000001525879
751 0.00000006103516
8944 0.00000001525879
753 0.00000009155273
754 0.00000010681152
755 0.00000004577637
756 0.00000010681152
757 0.00000010681152
758 0.00000006103516
759 0.00000007629395
760 0.00000004577637
761 0.00000010681152
762 0.00000007629395
763 0.00000010681152
764 0.00000006103516
765 0.00000009155273
766 0.00000007629395
767 0.00000007629395
768 0.00000006103516
769 0.00000012207031
770 0.00000003051758
771 0.00000004577637
772 0.00000009155273
773 0.00000003051758
774 0.00000006103516
8321 0.00000001525879
776 0.00000009155273
777 0.00000003051758
778 0.00000007629395
779 0.00000018310547
780 0.00000003051758
781 0.00000006103516
782 0.00000004577637
783 0.00000003051758
784 0.00000010681152
785 0.00000006103516
786 0.00000001525879
787 0.00000001525879
788 0.00000004577637
789 0.00000013732910
790 0.00000007629395
791 0.00000007629395
792 0.00000006103516
793 0.00000004577637
794 0.00000009155273
795 0.00000009155273
796 0.00000006103516
797 0.00000012207031
798 0.00000003051758
799 0.00000003051758
800 0.00000003051758
801 0.00000004577637
802 0.00000009155273
803 0.00000012207031
804 0.00000004577637
805 0.00000010681152
806 0.00000006103516
807 0.00000009155273
808 0.00000006103516
809 0.00000006103516
810 0.00000001525879
811 0.00000006103516
812 0.00000009155273
813 0.00000003051758
814 0.00000010681152
815 0.00000009155273
816 0.00000007629395
817 0.00000003051758
818 0.00000010681152
819 0.00000004577637
820 0.00000016784668
821 0.00000001525879
822 0.00000007629395
823 0.00000009155273
824 0.00000004577637
825 0.00000016784668
826 0.00000006103516
827 0.00000003051758
828 0.00000004577637
829 0.00000006103516
830 0.00000004577637
831 0.00000007629395
832 0.00000004577637
833 0.00000007629395
834 0.00000006103516
835 0.00000007629395
836 0.00000006103516
837 0.00000003051758
838 0.00000009155273
839 0.00000004577637
840 0.00000004577637
841 0.00000006103516
842 0.00000004577637
843 0.00000006103516
844 0.00000004577637
845 0.00000003051758
846 0.00000006103516
847 0.00000010681152
848 0.00000001525879
849 0.00000006103516
850 0.00000009155273
851 0.00000009155273
852 0.00000009155273
853 0.00000004577637
854 0.00000004577637
855 0.00000009155273
856 0.00000006103516
857 0.00000003051758
858 0.00000010681152
859 0.00000001525879
860 0.00000009155273
861 0.00000004577637
862 0.00000006103516
863 0.00000007629395
864 0.00000006103516
865 0.00000004577637
866 0.00000003051758
867 0.00000006103516
868 0.00000003051758
869 0.00000007629395
870 0.00000007629395
871 0.00000003051758
872 0.00000007629395
873 0.00000007629395
874 0.00000009155273
9067 0.00000001525879
9068 0.00000001525879
877 0.00000004577637
878 0.00000013732910
879 0.00000004577637
880 0.00000006103516
881 0.00000006103516
882 0.00000009155273
883 0.00000007629395
884 0.00000001525879
885 0.00000001525879
9078 0.00000001525879
887 0.00000006103516
888 0.00000006103516
889 0.00000007629395
890 0.00000007629395
9083 0.00000001525879
892 0.00000015258789
893 0.00000004577637
894 0.00000003051758
895 0.00000004577637
896 0.00000006103516
897 0.00000003051758
898 0.00000009155273
899 0.00000007629395
900 0.00000003051758
901 0.00000006103516
902 0.00000003051758
903 0.00000004577637
9096 0.00000001525879
905 0.00000004577637
906 0.00000006103516
907 0.00000009155273
908 0.00000009155273
909 0.00000001525879
910 0.00000004577637
911 0.00000001525879
912 0.00000010681152
913 0.00000007629395
914 0.00000004577637
915 0.00000001525879
916 0.00000010681152
917 0.00000001525879
918 0.00000004577637
919 0.00000013732910
920 0.00000012207031
921 0.00000009155273
922 0.00000006103516
923 0.00000001525879
924 0.00000004577637
925 0.00000001525879
926 0.00000006103516
927 0.00000009155273
928 0.00000003051758
929 0.00000009155273
930 0.00000003051758
931 0.00000004577637
932 0.00000007629395
933 0.00000006103516
934 0.00000007629395
935 0.00000003051758
936 0.00000007629395
937 0.00000006103516
938 0.00000006103516
939 0.00000001525879
940 0.00000006103516
941 0.00000004577637
942 0.00000001525879
943 0.00000006103516
944 0.00000006103516
945 0.00000007629395
9138 0.00000001525879
9139 0.00000001525879
948 0.00000006103516
949 0.00000003051758
950 0.00000009155273
951 0.00000003051758
952 0.00000006103516
9145 0.00000001525879
954 0.00000006103516
955 0.00000003051758
956 0.00000007629395
957 0.00000001525879
958 0.00000007629395
959 0.00000006103516
960 0.00000001525879
961 0.00000001525879
962 0.00000004577637
963 0.00000007629395
964 0.00000003051758
965 0.00000003051758
966 0.00000006103516
967 0.00000003051758
9160 0.00000001525879
969 0.00000004577637
970 0.00000010681152
971 0.00000003051758
972 0.00000003051758
973 0.00000004577637
974 0.00000006103516
975 0.00000009155273
976 0.00000001525879
977 0.00000004577637
978 0.00000004577637
979 0.00000004577637
980 0.00000004577637
981 0.00000006103516
982 0.00000003051758
983 0.00000001525879
985 0.00000001525879
986 0.00000006103516
987 0.00000004577637
988 0.00000004577637
989 0.00000004577637
990 0.00000004577637
991 0.00000006103516
992 0.00000003051758
993 0.00000012207031
994 0.00000006103516
995 0.00000006103516
996 0.00000003051758
997 0.00000004577637
998 0.00000001525879
999 0.00000006103516
1001 0.00000001525879
1003 0.00000001525879
1004 0.00000003051758
1005 0.00000003051758
1006 0.00000004577637
1007 0.00000006103516
1008 0.00000003051758
1009 0.00000004577637
1010 0.00000003051758
1011 0.00000007629395
1012 0.00000004577637
1014 0.00000004577637
1015 0.00000004577637
1016 0.00000004577637
1017 0.00000006103516
1018 0.00000006103516
1019 0.00000006103516
1020 0.00000007629395
1021 0.00000009155273
1022 0.00000003051758
1023 0.00000012207031
1024 0.00000006103516
1025 0.00000004577637
1026 0.00000001525879
1027 0.00000004577637
1028 0.00000003051758
1029 0.00000004577637
1030 0.00000003051758
9223 0.00000003051758
1032 0.00000007629395
1033 0.00000001525879
1034 0.00000004577637
1035 0.00000004577637
1036 0.00000004577637
1037 0.00000001525879
1038 0.00000006103516
1039 0.00000003051758
1040 0.00000006103516
1041 0.00000003051758
1042 0.00000004577637
1043 0.00000003051758
1044 0.00000007629395
9237 0.00000001525879
1046 0.00000006103516
1047 0.00000006103516
1048 0.00000006103516
1049 0.00000003051758
1050 0.00000001525879
1051 0.00000006103516
1052 0.00000003051758
1053 0.00000004577637
1054 0.00000006103516
1055 0.00000006103516
1056 0.00000003051758
1057 0.00000003051758
1059 0.00000006103516
1060 0.00000006103516
1061 0.00000004577637
1062 0.00000003051758
1064 0.00000006103516
1065 0.00000006103516
1066 0.00000009155273
1067 0.00000003051758
1068 0.00000003051758
1069 0.00000003051758
1070 0.00000003051758
1071 0.00000006103516
1072 0.00000013732910
1073 0.00000004577637
1074 0.00000006103516
9267 0.00000001525879
1076 0.00000004577637
1077 0.00000001525879
1078 0.00000004577637
1079 0.00000003051758
1080 0.00000003051758
1081 0.00000004577637
1083 0.00000007629395
1084 0.00000003051758
1085 0.00000007629395
1086 0.00000006103516
1087 0.00000006103516
1088 0.00000009155273
1089 0.00000006103516
1090 0.00000001525879
1091 0.00000007629395
1092 0.00000001525879
1093 0.00000004577637
1094 0.00000001525879
1095 0.00000003051758
1096 0.00000004577637
1097 0.00000007629395
1098 0.00000013732910
9291 0.00000001525879
1100 0.00000003051758
1101 0.00000006103516
1102 0.00000016784668
1103 0.00000004577637
1104 0.00000006103516
1105 0.00000006103516
1106 0.00000004577637
1107 0.00000003051758
1108 0.00000001525879
1109 0.00000003051758
1111 0.00000006103516
1112 0.00000003051758
1113 0.00000004577637
1114 0.00000003051758
1115 0.00000004577637
1116 0.00000001525879
1117 0.00000006103516
1118 0.00000006103516
1119 0.00000003051758
1120 0.00000004577637
1121 0.00000006103516
1122 0.00000004577637
1123 0.00000006103516
1124 0.00000001525879
1125 0.00000004577637
1126 0.00000007629395
9745 0.00000001525879
1128 0.00000004577637
1129 0.00000003051758
1130 0.00000004577637
1131 0.00000004577637
1132 0.00000001525879
1133 0.00000004577637
1134 0.00000004577637
1135 0.00000001525879
1136 0.00000009155273
1137 0.00000007629395
1138 0.00000004577637
1139 0.00000003051758
1140 0.00000004577637
1141 0.00000009155273
1142 0.00000010681152
1143 0.00000004577637
1144 0.00000006103516
1145 0.00000004577637
1146 0.00000007629395
1147 0.00000004577637
1148 0.00000006103516
1149 0.00000004577637
1150 0.00000004577637
1151 0.00000001525879
1152 0.00000001525879
1153 0.00000001525879
9346 0.00000003051758
1155 0.00000004577637
1156 0.00000001525879
1157 0.00000001525879
1158 0.00000007629395
1159 0.00000003051758
1160 0.00000004577637
1161 0.00000003051758
1162 0.00000001525879
1163 0.00000003051758
1164 0.00000003051758
1165 0.00000003051758
1166 0.00000003051758
1167 0.00000003051758
1168 0.00000003051758
1169 0.00000001525879
1170 0.00000004577637
1171 0.00000004577637
1172 0.00000004577637
1175 0.00000001525879
1176 0.00000003051758
9369 0.00000001525879
1178 0.00000001525879
1179 0.00000006103516
1182 0.00000003051758
1183 0.00000003051758
1184 0.00000003051758
1185 0.00000003051758
1186 0.00000001525879
1187 0.00000003051758
1188 0.00000001525879
8390 0.00000001525879
1190 0.00000007629395
1191 0.00000001525879
8223 0.00000001525879
1193 0.00000004577637
1194 0.00000006103516
1195 0.00000003051758
1196 0.00000004577637
1197 0.00000001525879
1198 0.00000003051758
1199 0.00000006103516
1200 0.00000001525879
1201 0.00000003051758
1202 0.00000001525879
1204 0.00000004577637
1206 0.00000001525879
1207 0.00000003051758
1208 0.00000006103516
1209 0.00000004577637
1210 0.00000003051758
1211 0.00000003051758
1212 0.00000004577637
202 0.00000112915039
1214 0.00000003051758
1216 0.00000003051758
1217 0.00000004577637
1218 0.00000006103516
1219 0.00000003051758
1220 0.00000004577637
1221 0.00000003051758
1222 0.00000001525879
1223 0.00000004577637
1224 0.00000001525879
1225 0.00000004577637
1227 0.00000004577637
1228 0.00000007629395
1230 0.00000004577637
1231 0.00000004577637
1232 0.00000004577637
1233 0.00000001525879
1234 0.00000003051758
1235 0.00000003051758
1236 0.00000001525879
1237 0.00000004577637
1238 0.00000001525879
1240 0.00000004577637
1241 0.00000001525879
1242 0.00000004577637
1244 0.00000001525879
1245 0.00000003051758
1247 0.00000003051758
1248 0.00000003051758
1249 0.00000004577637
1250 0.00000001525879
1251 0.00000003051758
1252 0.00000001525879
1253 0.00000004577637
1255 0.00000003051758
1256 0.00000004577637
1258 0.00000004577637
1259 0.00000006103516
1260 0.00000003051758
1261 0.00000003051758
1262 0.00000004577637
1264 0.00000003051758
1265 0.00000004577637
1267 0.00000007629395
1269 0.00000001525879
1270 0.00000001525879
1271 0.00000001525879
1272 0.00000004577637
1274 0.00000001525879
1275 0.00000003051758
1276 0.00000004577637
1277 0.00000001525879
1278 0.00000004577637
9471 0.00000001525879
1282 0.00000001525879
1283 0.00000003051758
1284 0.00000004577637
1285 0.00000001525879
1286 0.00000001525879
1287 0.00000004577637
1288 0.00000007629395
1290 0.00000001525879
1291 0.00000004577637
1292 0.00000004577637
1293 0.00000004577637
1294 0.00000001525879
1295 0.00000003051758
1296 0.00000001525879
1297 0.00000006103516
1298 0.00000001525879
1299 0.00000004577637
1300 0.00000003051758
1301 0.00000003051758
1302 0.00000006103516
1303 0.00000003051758
1304 0.00000004577637
1305 0.00000007629395
1306 0.00000006103516
1307 0.00000009155273
1308 0.00000001525879
8410 0.00000001525879
1311 0.00000004577637
1312 0.00000004577637
1314 0.00000001525879
1315 0.00000004577637
1316 0.00000004577637
1317 0.00000004577637
1318 0.00000001525879
1319 0.00000003051758
1320 0.00000007629395
1322 0.00000001525879
1323 0.00000003051758
1324 0.00000004577637
1325 0.00000003051758
1326 0.00000003051758
1327 0.00000003051758
1330 0.00000003051758
1331 0.00000003051758
1332 0.00000006103516
1333 0.00000006103516
1334 0.00000003051758
1335 0.00000003051758
1336 0.00000003051758
1337 0.00000006103516
1338 0.00000004577637
1339 0.00000004577637
1340 0.00000003051758
1342 0.00000006103516
1343 0.00000003051758
1344 0.00000003051758
1345 0.00000001525879
1346 0.00000006103516
1347 0.00000001525879
1348 0.00000004577637
1350 0.00000003051758
1351 0.00000004577637
1352 0.00000003051758
1353 0.00000003051758
1354 0.00000001525879
1355 0.00000001525879
1356 0.00000004577637
1357 0.00000003051758
1359 0.00000003051758
1360 0.00000003051758
1361 0.00000001525879
1362 0.00000001525879
1363 0.00000003051758
1364 0.00000007629395
1365 0.00000006103516
1367 0.00000003051758
1369 0.00000004577637
1370 0.00000003051758
1371 0.00000003051758
1373 0.00000003051758
1375 0.00000001525879
1376 0.00000006103516
1377 0.00000006103516
1378 0.00000003051758
1379 0.00000003051758
1380 0.00000004577637
1381 0.00000006103516
1382 0.00000007629395
1383 0.00000003051758
1384 0.00000004577637
1386 0.00000004577637
1387 0.00000004577637
1388 0.00000001525879
1390 0.00000001525879
1392 0.00000004577637
1395 0.00000003051758
1396 0.00000004577637
1397 0.00000003051758
1398 0.00000001525879
8425 0.00000001525879
1401 0.00000004577637
1402 0.00000007629395
1403 0.00000001525879
1404 0.00000003051758
1406 0.00000001525879
1407 0.00000003051758
1408 0.00000001525879
1409 0.00000003051758
1411 0.00000003051758
1412 0.00000007629395
1413 0.00000003051758
1414 0.00000001525879
1415 0.00000003051758
1416 0.00000004577637
236 0.00000068664551
1418 0.00000004577637
1420 0.00000001525879
1421 0.00000001525879
1422 0.00000001525879
1423 0.00000001525879
1424 0.00000004577637
1425 0.00000003051758
1426 0.00000004577637
1428 0.00000001525879
1429 0.00000001525879
1431 0.00000004577637
1432 0.00000003051758
1433 0.00000003051758
1434 0.00000001525879
1435 0.00000003051758
1437 0.00000001525879
1440 0.00000004577637
1442 0.00000004577637
1444 0.00000003051758
1445 0.00000001525879
1448 0.00000003051758
1449 0.00000001525879
1450 0.00000003051758
1451 0.00000004577637
1452 0.00000003051758
1454 0.00000004577637
1455 0.00000001525879
1456 0.00000003051758
1457 0.00000004577637
1458 0.00000003051758
1459 0.00000003051758
1461 0.00000001525879
1462 0.00000001525879
1463 0.00000003051758
1465 0.00000003051758
1466 0.00000001525879
1467 0.00000001525879
1468 0.00000003051758
1470 0.00000004577637
1471 0.00000006103516
1472 0.00000001525879
1474 0.00000001525879
1475 0.00000004577637
1476 0.00000004577637
1477 0.00000004577637
1479 0.00000006103516
1480 0.00000003051758
1481 0.00000004577637
9674 0.00000001525879
1483 0.00000004577637
1484 0.00000003051758
1485 0.00000001525879
1486 0.00000001525879
1487 0.00000001525879
1488 0.00000001525879
1489 0.00000001525879
1490 0.00000003051758
1491 0.00000004577637
1492 0.00000004577637
1493 0.00000001525879
1495 0.00000001525879
1496 0.00000003051758
1497 0.00000001525879
1498 0.00000001525879
1499 0.00000003051758
1500 0.00000003051758
1501 0.00000001525879
1502 0.00000003051758
1503 0.00000001525879
1504 0.00000003051758
1505 0.00000006103516
1506 0.00000001525879
1507 0.00000001525879
1508 0.00000001525879
9701 0.00000001525879
1510 0.00000007629395
1511 0.00000003051758
1512 0.00000001525879
1513 0.00000003051758
1514 0.00000003051758
1515 0.00000003051758
1516 0.00000001525879
1517 0.00000001525879
1518 0.00000003051758
1519 0.00000003051758
1520 0.00000003051758
1521 0.00000001525879
1522 0.00000001525879
1527 0.00000003051758
1528 0.00000003051758
1529 0.00000007629395
1530 0.00000003051758
1531 0.00000003051758
1534 0.00000006103516
1535 0.00000003051758
9728 0.00000003051758
1537 0.00000001525879
1539 0.00000001525879
1540 0.00000001525879
1541 0.00000001525879
1542 0.00000001525879
1544 0.00000001525879
1545 0.00000001525879
1546 0.00000001525879
1547 0.00000003051758
1548 0.00000001525879
1549 0.00000001525879
1550 0.00000003051758
1551 0.00000001525879
1552 0.00000004577637
1553 0.00000001525879
1555 0.00000004577637
1556 0.00000006103516
1557 0.00000003051758
1558 0.00000003051758
1559 0.00000001525879
1560 0.00000001525879
1561 0.00000001525879
1562 0.00000003051758
1563 0.00000003051758
1565 0.00000003051758
1566 0.00000003051758
1567 0.00000003051758
1568 0.00000001525879
1569 0.00000003051758
1570 0.00000004577637
1571 0.00000001525879
1572 0.00000001525879
1574 0.00000001525879
9767 0.00000001525879
1576 0.00000001525879
1577 0.00000004577637
1578 0.00000001525879
1579 0.00000006103516
1580 0.00000001525879
1581 0.00000003051758
1582 0.00000003051758
1584 0.00000003051758
1585 0.00000004577637
1586 0.00000001525879
1587 0.00000001525879
1589 0.00000006103516
1590 0.00000001525879
1591 0.00000001525879
1592 0.00000001525879
1593 0.00000001525879
1594 0.00000003051758
1595 0.00000004577637
1596 0.00000004577637
1597 0.00000001525879
1598 0.00000001525879
1599 0.00000003051758
1417 0.00000006103516
1601 0.00000001525879
1602 0.00000001525879
1603 0.00000003051758
1604 0.00000004577637
1605 0.00000003051758
1606 0.00000003051758
1608 0.00000004577637
1611 0.00000003051758
1612 0.00000003051758
1613 0.00000003051758
1614 0.00000003051758
1615 0.00000003051758
1616 0.00000001525879
1617 0.00000003051758
1618 0.00000004577637
1619 0.00000003051758
1621 0.00000003051758
9814 0.00000001525879
1623 0.00000003051758
1624 0.00000004577637
1625 0.00000003051758
1626 0.00000003051758
1627 0.00000003051758
1628 0.00000003051758
1629 0.00000001525879
1630 0.00000001525879
1631 0.00000003051758
1632 0.00000001525879
1633 0.00000003051758
1634 0.00000001525879
1635 0.00000004577637
9828 0.00000001525879
1637 0.00000001525879
1638 0.00000003051758
1639 0.00000003051758
1640 0.00000001525879
1641 0.00000001525879
1642 0.00000001525879
1643 0.00000003051758
1646 0.00000003051758
1648 0.00000003051758
9841 0.00000001525879
1650 0.00000009155273
1652 0.00000004577637
1653 0.00000001525879
1654 0.00000001525879
1656 0.00000001525879
1657 0.00000003051758
1658 0.00000001525879
1660 0.00000003051758
1663 0.00000001525879
1665 0.00000003051758
1666 0.00000004577637
1667 0.00000003051758
1668 0.00000003051758
1669 0.00000003051758
1670 0.00000003051758
1671 0.00000003051758
1673 0.00000001525879
9866 0.00000001525879
1675 0.00000001525879
1676 0.00000001525879
1677 0.00000003051758
1678 0.00000001525879
1680 0.00000001525879
1681 0.00000003051758
1682 0.00000003051758
1684 0.00000003051758
1686 0.00000001525879
1687 0.00000003051758
1688 0.00000001525879
1689 0.00000001525879
1690 0.00000001525879
1691 0.00000001525879
1693 0.00000001525879
1694 0.00000001525879
1697 0.00000003051758
1698 0.00000003051758
1699 0.00000001525879
1701 0.00000003051758
1702 0.00000001525879
1703 0.00000003051758
1704 0.00000003051758
1705 0.00000001525879
1706 0.00000003051758
1707 0.00000003051758
1708 0.00000001525879
1709 0.00000006103516
1712 0.00000003051758
1714 0.00000003051758
1715 0.00000001525879
1716 0.00000003051758
1718 0.00000003051758
1719 0.00000001525879
1720 0.00000001525879
1721 0.00000001525879
1722 0.00000006103516
1723 0.00000006103516
1725 0.00000001525879
1726 0.00000001525879
1727 0.00000003051758
1728 0.00000003051758
1729 0.00000001525879
1730 0.00000004577637
1732 0.00000004577637
1733 0.00000001525879
1735 0.00000001525879
1737 0.00000001525879
1738 0.00000003051758
1739 0.00000003051758
1740 0.00000001525879
1742 0.00000003051758
1743 0.00000001525879
1744 0.00000003051758
1745 0.00000001525879
1746 0.00000006103516
1747 0.00000001525879
1749 0.00000001525879
1750 0.00000001525879
1752 0.00000001525879
1753 0.00000001525879
1754 0.00000001525879
1756 0.00000003051758
14243 0.00000001525879
1763 0.00000001525879
1765 0.00000003051758
1768 0.00000003051758
1769 0.00000003051758
1770 0.00000001525879
1774 0.00000001525879
1775 0.00000003051758
1776 0.00000004577637
1777 0.00000001525879
1779 0.00000001525879
1782 0.00000001525879
1783 0.00000001525879
1784 0.00000001525879
1785 0.00000001525879
1786 0.00000003051758
1787 0.00000003051758
1789 0.00000001525879
1790 0.00000007629395
1791 0.00000001525879
1792 0.00000001525879
1793 0.00000004577637
1794 0.00000001525879
1798 0.00000001525879
1799 0.00000001525879
1800 0.00000001525879
1802 0.00000003051758
1803 0.00000001525879
1804 0.00000003051758
1806 0.00000001525879
1807 0.00000001525879
1808 0.00000001525879
1809 0.00000001525879
1810 0.00000003051758
1811 0.00000001525879
1814 0.00000001525879
1816 0.00000004577637
10009 0.00000001525879
1818 0.00000001525879
1822 0.00000003051758
1825 0.00000003051758
1827 0.00000001525879
1828 0.00000001525879
1829 0.00000001525879
1832 0.00000001525879
1834 0.00000003051758
1835 0.00000003051758
1837 0.00000001525879
1839 0.00000001525879
1841 0.00000001525879
1842 0.00000001525879
1844 0.00000001525879
1845 0.00000003051758
1847 0.00000001525879
1850 0.00000001525879
1851 0.00000001525879
1852 0.00000001525879
1853 0.00000003051758
1854 0.00000003051758
1855 0.00000003051758
1856 0.00000001525879
1857 0.00000003051758
1858 0.00000001525879
1860 0.00000004577637
1862 0.00000001525879
1863 0.00000003051758
1865 0.00000001525879
1866 0.00000001525879
1867 0.00000006103516
1869 0.00000001525879
1870 0.00000003051758
1872 0.00000001525879
1873 0.00000001525879
1874 0.00000001525879
1875 0.00000001525879
10068 0.00000001525879
1877 0.00000001525879
1880 0.00000001525879
1881 0.00000003051758
1882 0.00000001525879
1885 0.00000004577637
1886 0.00000001525879
1888 0.00000003051758
10081 0.00000001525879
1890 0.00000003051758
1891 0.00000004577637
1892 0.00000001525879
1893 0.00000001525879
1895 0.00000004577637
8508 0.00000001525879
1898 0.00000001525879
1899 0.00000001525879
1900 0.00000003051758
1902 0.00000007629395
1903 0.00000003051758
1904 0.00000001525879
1905 0.00000001525879
10098 0.00000001525879
1908 0.00000004577637
1909 0.00000006103516
1910 0.00000003051758
1914 0.00000003051758
1915 0.00000003051758
1916 0.00000001525879
1917 0.00000001525879
1918 0.00000001525879
1922 0.00000001525879
1923 0.00000003051758
1924 0.00000001525879
10117 0.00000001525879
1926 0.00000001525879
1927 0.00000001525879
10120 0.00000001525879
1929 0.00000001525879
1930 0.00000001525879
1933 0.00000001525879
1934 0.00000003051758
1935 0.00000001525879
1936 0.00000001525879
1938 0.00000003051758
1939 0.00000001525879
1941 0.00000004577637
1943 0.00000004577637
1944 0.00000001525879
1945 0.00000004577637
1948 0.00000001525879
1950 0.00000001525879
1951 0.00000001525879
1953 0.00000001525879
1954 0.00000003051758
1955 0.00000003051758
1957 0.00000001525879
10151 0.00000001525879
1960 0.00000004577637
1961 0.00000003051758
1962 0.00000001525879
1963 0.00000003051758
1965 0.00000001525879
1966 0.00000001525879
1967 0.00000001525879
1968 0.00000003051758
1971 0.00000003051758
1972 0.00000003051758
10170 0.00000001525879
1982 0.00000001525879
1983 0.00000001525879
1987 0.00000001525879
1988 0.00000004577637
1990 0.00000001525879
1991 0.00000003051758
1992 0.00000001525879
1993 0.00000003051758
1995 0.00000003051758
1996 0.00000001525879
1997 0.00000001525879
10190 0.00000001525879
1999 0.00000001525879
10193 0.00000001525879
2002 0.00000001525879
2003 0.00000003051758
2004 0.00000001525879
2009 0.00000004577637
2010 0.00000001525879
2011 0.00000001525879
2013 0.00000001525879
2014 0.00000004577637
10207 0.00000001525879
2016 0.00000001525879
2017 0.00000001525879
2018 0.00000001525879
2019 0.00000001525879
2020 0.00000001525879
2021 0.00000001525879
2022 0.00000001525879
2025 0.00000004577637
2026 0.00000001525879
2027 0.00000003051758
10220 0.00000001525879
2030 0.00000001525879
2033 0.00000001525879
2034 0.00000001525879
2035 0.00000003051758
2036 0.00000003051758
2038 0.00000003051758
2039 0.00000001525879
8524 0.00000001525879
2041 0.00000003051758
2042 0.00000003051758
2043 0.00000001525879
2044 0.00000003051758
2049 0.00000001525879
2050 0.00000001525879
2052 0.00000001525879
2053 0.00000001525879
2054 0.00000001525879
2055 0.00000004577637
2056 0.00000003051758
2058 0.00000001525879
2060 0.00000004577637
2061 0.00000001525879
2062 0.00000001525879
2063 0.00000001525879
2066 0.00000003051758
2068 0.00000001525879
2069 0.00000001525879
2071 0.00000006103516
10264 0.00000001525879
10265 0.00000001525879
2075 0.00000001525879
2080 0.00000003051758
2081 0.00000001525879
2083 0.00000004577637
2086 0.00000003051758
2087 0.00000001525879
2088 0.00000003051758
2091 0.00000001525879
2092 0.00000003051758
2093 0.00000001525879
2095 0.00000001525879
2098 0.00000001525879
2100 0.00000001525879
2101 0.00000001525879
2102 0.00000004577637
2103 0.00000003051758
2104 0.00000001525879
2105 0.00000004577637
10303 0.00000001525879
2114 0.00000003051758
10307 0.00000001525879
2116 0.00000001525879
2117 0.00000001525879
2118 0.00000001525879
10311 0.00000001525879
2120 0.00000004577637
2121 0.00000001525879
2122 0.00000001525879
2125 0.00000001525879
2126 0.00000001525879
2129 0.00000001525879
2131 0.00000004577637
2132 0.00000003051758
2134 0.00000001525879
2139 0.00000004577637
2140 0.00000001525879
2141 0.00000001525879
2142 0.00000001525879
2145 0.00000001525879
9616 0.00000001525879
2149 0.00000001525879
2150 0.00000003051758
2153 0.00000003051758
2154 0.00000004577637
2155 0.00000003051758
2156 0.00000003051758
2159 0.00000001525879
10352 0.00000001525879
2161 0.00000001525879
8553 0.00000001525879
2168 0.00000001525879
2170 0.00000003051758
2172 0.00000001525879
2174 0.00000001525879
2176 0.00000001525879
2177 0.00000001525879
2178 0.00000001525879
2180 0.00000001525879
2181 0.00000001525879
2183 0.00000001525879
2184 0.00000001525879
2185 0.00000001525879
2187 0.00000003051758
2188 0.00000003051758
2190 0.00000001525879
2191 0.00000001525879
2192 0.00000001525879
2197 0.00000003051758
2198 0.00000001525879
2199 0.00000001525879
2203 0.00000003051758
2204 0.00000001525879
2205 0.00000001525879
2206 0.00000003051758
2207 0.00000001525879
2210 0.00000006103516
2211 0.00000003051758
2212 0.00000001525879
2213 0.00000001525879
2214 0.00000006103516
2217 0.00000001525879
2218 0.00000001525879
2219 0.00000003051758
2220 0.00000001525879
2221 0.00000001525879
2230 0.00000003051758
2231 0.00000001525879
2233 0.00000001525879
2234 0.00000001525879
10428 0.00000001525879
2240 0.00000001525879
2242 0.00000001525879
10435 0.00000001525879
2244 0.00000001525879
2246 0.00000001525879
2248 0.00000001525879
2250 0.00000003051758
2251 0.00000001525879
2252 0.00000003051758
2253 0.00000003051758
2255 0.00000001525879
2256 0.00000001525879
2257 0.00000001525879
2258 0.00000001525879
2260 0.00000001525879
2261 0.00000004577637
2263 0.00000003051758
9835 0.00000001525879
2267 0.00000003051758
2268 0.00000001525879
10462 0.00000001525879
2271 0.00000004577637
2273 0.00000003051758
2274 0.00000003051758
10467 0.00000001525879
2278 0.00000001525879
2280 0.00000001525879
2281 0.00000001525879
2283 0.00000001525879
2285 0.00000001525879
2286 0.00000004577637
2287 0.00000001525879
2288 0.00000003051758
2291 0.00000001525879
2293 0.00000001525879
2294 0.00000001525879
18679 0.00000001525879
2296 0.00000001525879
2299 0.00000001525879
2300 0.00000001525879
2303 0.00000003051758
2305 0.00000003051758
2307 0.00000001525879
10503 0.00000001525879
2312 0.00000001525879
2313 0.00000001525879
10508 0.00000001525879
2317 0.00000001525879
2318 0.00000001525879
2320 0.00000001525879
2321 0.00000006103516
2322 0.00000001525879
2324 0.00000001525879
2325 0.00000003051758
2329 0.00000001525879
2331 0.00000001525879
2332 0.00000001525879
10526 0.00000001525879
2335 0.00000001525879
2336 0.00000001525879
2339 0.00000001525879
2341 0.00000003051758
2345 0.00000003051758
2347 0.00000001525879
2348 0.00000001525879
2349 0.00000003051758
2350 0.00000001525879
2351 0.00000001525879
2352 0.00000001525879
2353 0.00000001525879
2354 0.00000001525879
2356 0.00000001525879
10551 0.00000001525879
2361 0.00000001525879
2362 0.00000001525879
2364 0.00000001525879
2365 0.00000001525879
2366 0.00000001525879
2367 0.00000001525879
2368 0.00000001525879
2370 0.00000003051758
2371 0.00000001525879
2372 0.00000003051758
3126 0.00000003051758
2376 0.00000001525879
2378 0.00000001525879
10572 0.00000001525879
2381 0.00000001525879
2383 0.00000001525879
2386 0.00000001525879
2387 0.00000001525879
2389 0.00000003051758
2391 0.00000001525879
2392 0.00000001525879
2396 0.00000001525879
2397 0.00000003051758
2398 0.00000001525879
2399 0.00000003051758
2401 0.00000001525879
2407 0.00000001525879
2408 0.00000001525879
2409 0.00000001525879
2410 0.00000001525879
2411 0.00000001525879
2412 0.00000003051758
2413 0.00000001525879
2414 0.00000003051758
9960 0.00000001525879
2419 0.00000001525879
2420 0.00000001525879
2421 0.00000001525879
2424 0.00000001525879
2425 0.00000003051758
2426 0.00000001525879
2428 0.00000006103516
2431 0.00000003051758
2433 0.00000001525879
10626 0.00000001525879
2435 0.00000001525879
2437 0.00000001525879
2439 0.00000003051758
2440 0.00000001525879
2442 0.00000006103516
2445 0.00000001525879
2446 0.00000001525879
2447 0.00000001525879
8600 0.00000001525879
2451 0.00000001525879
2452 0.00000003051758
2453 0.00000003051758
2454 0.00000001525879
2455 0.00000003051758
2456 0.00000001525879
2457 0.00000001525879
2459 0.00000001525879
2460 0.00000003051758
2461 0.00000003051758
2463 0.00000003051758
2468 0.00000003051758
2469 0.00000001525879
2470 0.00000001525879
2471 0.00000001525879
2473 0.00000001525879
2474 0.00000001525879
2475 0.00000001525879
2477 0.00000003051758
2478 0.00000001525879
2479 0.00000003051758
9971 0.00000001525879
10676 0.00000001525879
2487 0.00000001525879
2488 0.00000001525879
2490 0.00000001525879
2491 0.00000003051758
10684 0.00000001525879
10688 0.00000001525879
2497 0.00000001525879
2498 0.00000001525879
2500 0.00000001525879
2501 0.00000001525879
2503 0.00000001525879
2504 0.00000001525879
2505 0.00000001525879
2511 0.00000003051758
2512 0.00000001525879
2513 0.00000001525879
2517 0.00000001525879
2518 0.00000001525879
2520 0.00000006103516
2522 0.00000003051758
2523 0.00000001525879
2524 0.00000001525879
2525 0.00000001525879
2526 0.00000003051758
2527 0.00000001525879
2528 0.00000004577637
2531 0.00000001525879
2533 0.00000001525879
2535 0.00000003051758
2536 0.00000001525879
2537 0.00000003051758
2538 0.00000001525879
2539 0.00000001525879
2540 0.00000001525879
2541 0.00000001525879
2542 0.00000003051758
2543 0.00000001525879
2547 0.00000003051758
2548 0.00000003051758
2550 0.00000001525879
2551 0.00000001525879
2552 0.00000001525879
2554 0.00000003051758
2557 0.00000003051758
2560 0.00000001525879
2561 0.00000001525879
2564 0.00000001525879
2565 0.00000001525879
2568 0.00000001525879
8620 0.00000001525879
2570 0.00000001525879
2572 0.00000001525879
2573 0.00000001525879
2576 0.00000001525879
2579 0.00000001525879
2580 0.00000003051758
2581 0.00000001525879
2582 0.00000001525879
2584 0.00000001525879
2588 0.00000001525879
2593 0.00000001525879
2596 0.00000001525879
2597 0.00000001525879
2598 0.00000001525879
2600 0.00000001525879
2602 0.00000004577637
2609 0.00000003051758
2613 0.00000001525879
2615 0.00000001525879
2617 0.00000001525879
2618 0.00000003051758
2619 0.00000001525879
2620 0.00000001525879
2621 0.00000001525879
2626 0.00000001525879
2630 0.00000003051758
10823 0.00000001525879
2632 0.00000003051758
2633 0.00000001525879
2634 0.00000001525879
2635 0.00000001525879
2636 0.00000001525879
2638 0.00000001525879
2639 0.00000003051758
2640 0.00000003051758
2642 0.00000001525879
2643 0.00000001525879
2644 0.00000001525879
2646 0.00000001525879
10841 0.00000001525879
2652 0.00000001525879
2655 0.00000001525879
2656 0.00000001525879
2659 0.00000001525879
2660 0.00000004577637
2662 0.00000003051758
2665 0.00000001525879
2668 0.00000001525879
2670 0.00000001525879
2675 0.00000001525879
2678 0.00000001525879
2679 0.00000001525879
2680 0.00000003051758
2682 0.00000001525879
2683 0.00000001525879
2684 0.00000001525879
2685 0.00000001525879
2687 0.00000001525879
2690 0.00000001525879
2694 0.00000001525879
2695 0.00000001525879
2696 0.00000001525879
2700 0.00000003051758
8642 0.00000001525879
2708 0.00000003051758
2709 0.00000003051758
2714 0.00000001525879
2717 0.00000001525879
10912 0.00000001525879
8274 0.00000001525879
2726 0.00000003051758
2727 0.00000001525879
10920 0.00000001525879
2731 0.00000001525879
2732 0.00000004577637
2735 0.00000001525879
8256 0.00000001525879
2740 0.00000003051758
2744 0.00000001525879
2745 0.00000001525879
2754 0.00000001525879
2757 0.00000001525879
2758 0.00000001525879
2759 0.00000001525879
2760 0.00000001525879
2761 0.00000001525879
2764 0.00000001525879
2765 0.00000001525879
2766 0.00000001525879
2771 0.00000001525879
2773 0.00000001525879
2777 0.00000001525879
10973 0.00000001525879
2784 0.00000004577637
2786 0.00000001525879
2787 0.00000001525879
2790 0.00000003051758
2791 0.00000001525879
2792 0.00000001525879
2796 0.00000001525879
2799 0.00000001525879
2801 0.00000001525879
2802 0.00000001525879
2804 0.00000001525879
2806 0.00000001525879
2807 0.00000001525879
2808 0.00000001525879
2810 0.00000003051758
8277 0.00000001525879
2816 0.00000001525879
2819 0.00000001525879
2821 0.00000001525879
2822 0.00000004577637
2826 0.00000001525879
2827 0.00000001525879
2828 0.00000003051758
2829 0.00000001525879
2831 0.00000001525879
2832 0.00000001525879
2835 0.00000003051758
2837 0.00000001525879
2838 0.00000001525879
2844 0.00000001525879
2847 0.00000001525879
2848 0.00000001525879
2850 0.00000001525879
11043 0.00000001525879
2854 0.00000004577637
2856 0.00000001525879
2859 0.00000001525879
11052 0.00000001525879
2861 0.00000001525879
2862 0.00000001525879
2863 0.00000001525879
2864 0.00000001525879
2866 0.00000003051758
11061 0.00000001525879
2872 0.00000001525879
2877 0.00000001525879
2878 0.00000003051758
2881 0.00000001525879
2882 0.00000003051758
2883 0.00000003051758
2884 0.00000001525879
2886 0.00000001525879
2887 0.00000001525879
2896 0.00000001525879
11091 0.00000001525879
2901 0.00000001525879
2903 0.00000001525879
8280 0.00000001525879
2907 0.00000001525879
2910 0.00000003051758
2912 0.00000001525879
2918 0.00000004577637
2920 0.00000001525879
10044 0.00000001525879
2923 0.00000003051758
2925 0.00000001525879
2926 0.00000001525879
2938 0.00000001525879
2942 0.00000001525879
2943 0.00000001525879
2944 0.00000003051758
2945 0.00000003051758
2952 0.00000003051758
2954 0.00000001525879
10050 0.00000001525879
2966 0.00000001525879
2969 0.00000001525879
2971 0.00000001525879
2973 0.00000001525879
9567 0.00000001525879
2982 0.00000001525879
2983 0.00000003051758
2984 0.00000003051758
2987 0.00000001525879
2988 0.00000001525879
2989 0.00000003051758
2990 0.00000003051758
2992 0.00000001525879
2994 0.00000001525879
2995 0.00000003051758
2996 0.00000001525879
11194 0.00000003051758
3231 0.00000001525879
3006 0.00000001525879
3007 0.00000003051758
3009 0.00000001525879
3012 0.00000001525879
3015 0.00000001525879
3016 0.00000001525879
3017 0.00000003051758
3018 0.00000001525879
3020 0.00000001525879
3021 0.00000001525879
3022 0.00000001525879
3025 0.00000001525879
3026 0.00000001525879
3027 0.00000001525879
3028 0.00000004577637
3030 0.00000003051758
3031 0.00000003051758
3033 0.00000001525879
9921 0.00000001525879
3037 0.00000001525879
3040 0.00000004577637
3041 0.00000001525879
3042 0.00000003051758
3045 0.00000001525879
3046 0.00000001525879
11241 0.00000001525879
3050 0.00000001525879
3052 0.00000001525879
3054 0.00000001525879
3056 0.00000001525879
3060 0.00000001525879
3066 0.00000001525879
3070 0.00000001525879
8704 0.00000001525879
3075 0.00000001525879
11268 0.00000001525879
3077 0.00000001525879
3086 0.00000001525879
3087 0.00000001525879
3092 0.00000001525879
3246 0.00000003051758
3097 0.00000001525879
3101 0.00000001525879
3102 0.00000001525879
3103 0.00000001525879
3104 0.00000001525879
3105 0.00000003051758
3106 0.00000001525879
3111 0.00000001525879
3112 0.00000001525879
3113 0.00000001525879
9651 0.00000001525879
11310 0.00000001525879
3121 0.00000001525879
3125 0.00000001525879
11318 0.00000001525879
3134 0.00000001525879
3136 0.00000001525879
3138 0.00000001525879
3139 0.00000003051758
3141 0.00000001525879
3143 0.00000003051758
3144 0.00000003051758
3145 0.00000001525879
3150 0.00000001525879
3151 0.00000003051758
3152 0.00000001525879
3153 0.00000001525879
3155 0.00000001525879
3156 0.00000001525879
3160 0.00000001525879
3076 0.00000001525879
3164 0.00000001525879
3165 0.00000003051758
3167 0.00000001525879
3168 0.00000001525879
6925 0.00000003051758
3173 0.00000001525879
3174 0.00000001525879
3176 0.00000001525879
3181 0.00000001525879
3187 0.00000001525879
3191 0.00000001525879
3194 0.00000001525879
3197 0.00000001525879
3200 0.00000003051758
3205 0.00000001525879
3209 0.00000001525879
3211 0.00000003051758
3213 0.00000001525879
3214 0.00000001525879
3218 0.00000001525879
3220 0.00000001525879
3226 0.00000001525879
3228 0.00000001525879
11423 0.00000001525879
3235 0.00000001525879
3236 0.00000003051758
3237 0.00000001525879
11436 0.00000001525879
1906 0.00000004577637
11438 0.00000001525879
3249 0.00000001525879
3250 0.00000004577637
3254 0.00000003051758
3256 0.00000001525879
3259 0.00000003051758
11466 0.00000001525879
3262 0.00000001525879
3264 0.00000001525879
3269 0.00000001525879
3270 0.00000001525879
3271 0.00000001525879
11464 0.00000001525879
3274 0.00000001525879
3279 0.00000001525879
3280 0.00000001525879
11477 0.00000001525879
3287 0.00000001525879
3288 0.00000001525879
3291 0.00000001525879
3292 0.00000001525879
3295 0.00000001525879
9657 0.00000001525879
3298 0.00000001525879
3301 0.00000003051758
3302 0.00000001525879
3304 0.00000001525879
3309 0.00000003051758
3316 0.00000003051758
3319 0.00000001525879
3330 0.00000001525879
3331 0.00000001525879
3332 0.00000003051758
3334 0.00000001525879
3335 0.00000003051758
3339 0.00000003051758
3343 0.00000001525879
3345 0.00000001525879
3349 0.00000001525879
3355 0.00000001525879
1925 0.00000003051758
3361 0.00000003051758
3362 0.00000001525879
3364 0.00000001525879
11560 0.00000001525879
3369 0.00000001525879
3372 0.00000001525879
3373 0.00000001525879
3374 0.00000001525879
3375 0.00000003051758
3376 0.00000001525879
1928 0.00000003051758
3378 0.00000001525879
3380 0.00000001525879
3381 0.00000001525879
3382 0.00000001525879
10121 0.00000001525879
3389 0.00000001525879
3390 0.00000001525879
3391 0.00000003051758
3393 0.00000001525879
3397 0.00000001525879
16951 0.00000001525879
11596 0.00000001525879
3407 0.00000001525879
3408 0.00000001525879
3413 0.00000001525879
3415 0.00000001525879
3417 0.00000001525879
3421 0.00000001525879
3423 0.00000001525879
3425 0.00000001525879
3426 0.00000001525879
3428 0.00000001525879
3430 0.00000001525879
3432 0.00000001525879
11627 0.00000001525879
3436 0.00000001525879
11632 0.00000001525879
3441 0.00000001525879
3442 0.00000001525879
3443 0.00000001525879
3444 0.00000003051758
11638 0.00000001525879
3451 0.00000001525879
3453 0.00000001525879
3455 0.00000001525879
3458 0.00000001525879
3460 0.00000001525879
8769 0.00000001525879
3467 0.00000001525879
3474 0.00000001525879
3476 0.00000003051758
3486 0.00000001525879
3494 0.00000003051758
3495 0.00000001525879
3496 0.00000003051758
10140 0.00000001525879
3498 0.00000001525879
3500 0.00000001525879
3502 0.00000001525879
3508 0.00000004577637
11508 0.00000001525879
3515 0.00000001525879
3519 0.00000001525879
3521 0.00000001525879
3523 0.00000001525879
3526 0.00000003051758
3528 0.00000001525879
3530 0.00000003051758
3534 0.00000001525879
8781 0.00000001525879
3539 0.00000003051758
3546 0.00000001525879
8783 0.00000001525879
3553 0.00000004577637
3556 0.00000003051758
3558 0.00000001525879
3559 0.00000001525879
3562 0.00000001525879
3563 0.00000001525879
3564 0.00000001525879
3566 0.00000001525879
3571 0.00000001525879
3572 0.00000001525879
3580 0.00000001525879
19967 0.00000001525879
3587 0.00000001525879
3590 0.00000001525879
11783 0.00000001525879
11786 0.00000001525879
3596 0.00000001525879
3597 0.00000001525879
3598 0.00000001525879
3599 0.00000001525879
3600 0.00000001525879
3609 0.00000003051758
3614 0.00000001525879
3617 0.00000001525879
3625 0.00000001525879
3626 0.00000003051758
11527 0.00000001525879
3629 0.00000004577637
3631 0.00000001525879
3634 0.00000001525879
3635 0.00000001525879
3639 0.00000003051758
3642 0.00000001525879
3644 0.00000003051758
3647 0.00000001525879
3648 0.00000001525879
3650 0.00000001525879
3651 0.00000001525879
3652 0.00000001525879
3654 0.00000001525879
3655 0.00000003051758
3658 0.00000001525879
11851 0.00000001525879
3661 0.00000001525879
14264 0.00000001525879
3667 0.00000001525879
3670 0.00000001525879
3675 0.00000001525879
3682 0.00000001525879
3684 0.00000001525879
11887 0.00000001525879
3699 0.00000001525879
3701 0.00000004577637
11894 0.00000001525879
3704 0.00000001525879
3711 0.00000003051758
3713 0.00000001525879
3714 0.00000001525879
3715 0.00000001525879
3716 0.00000001525879
3718 0.00000001525879
3720 0.00000001525879
3721 0.00000001525879
11914 0.00000001525879
9944 0.00000001525879
3728 0.00000001525879
3729 0.00000003051758
3734 0.00000003051758
3737 0.00000001525879
3740 0.00000001525879
3741 0.00000001525879
3743 0.00000001525879
3749 0.00000001525879
3751 0.00000001525879
11945 0.00000001525879
3755 0.00000001525879
3758 0.00000001525879
8819 0.00000001525879
3765 0.00000003051758
3767 0.00000001525879
11961 0.00000001525879
3774 0.00000001525879
3775 0.00000001525879
3776 0.00000001525879
3779 0.00000001525879
3780 0.00000001525879
3781 0.00000001525879
3789 0.00000001525879
3790 0.00000001525879
3797 0.00000001525879
3800 0.00000001525879
3802 0.00000001525879
3808 0.00000001525879
8827 0.00000001525879
3812 0.00000003051758
3819 0.00000003051758
3825 0.00000001525879
3833 0.00000001525879
3834 0.00000001525879
3835 0.00000001525879
3841 0.00000001525879
3843 0.00000001525879
3849 0.00000001525879
3850 0.00000001525879
3851 0.00000001525879
3852 0.00000001525879
3860 0.00000001525879
3862 0.00000003051758
3868 0.00000001525879
8209 0.00000003051758
3870 0.00000001525879
3871 0.00000004577637
3875 0.00000001525879
3877 0.00000001525879
12072 0.00000001525879
3893 0.00000001525879
3897 0.00000001525879
3902 0.00000001525879
3905 0.00000001525879
3908 0.00000001525879
3910 0.00000001525879
12104 0.00000001525879
3913 0.00000001525879
3915 0.00000001525879
3918 0.00000001525879
12111 0.00000001525879
3921 0.00000001525879
3922 0.00000001525879
12117 0.00000001525879
10212 0.00000001525879
3939 0.00000001525879
3944 0.00000001525879
3948 0.00000001525879
8850 0.00000001525879
3950 0.00000001525879
3953 0.00000001525879
3955 0.00000001525879
3956 0.00000001525879
3961 0.00000003051758
3962 0.00000001525879
12158 0.00000001525879
8853 0.00000001525879
3968 0.00000001525879
3972 0.00000001525879
12167 0.00000001525879
2028 0.00000003051758
3978 0.00000001525879
3980 0.00000003051758
8316 0.00000003051758
3989 0.00000001525879
3992 0.00000001525879
3993 0.00000001525879
3994 0.00000001525879
666 0.00000001525879
3999 0.00000001525879
4002 0.00000001525879
4003 0.00000003051758
4006 0.00000003051758
4010 0.00000001525879
4016 0.00000001525879
7496 0.00000001525879
4019 0.00000003051758
4020 0.00000001525879
4024 0.00000001525879
4026 0.00000001525879
3404 0.00000001525879
4045 0.00000001525879
4046 0.00000001525879
4047 0.00000001525879
4052 0.00000001525879
8483 0.00000001525879
4056 0.00000003051758
4069 0.00000001525879
4071 0.00000003051758
4076 0.00000001525879
4085 0.00000001525879
8516 0.00000001525879
4088 0.00000001525879
4094 0.00000001525879
11605 0.00000001525879
4099 0.00000001525879
4104 0.00000003051758
12298 0.00000001525879
4109 0.00000001525879
4113 0.00000001525879
4115 0.00000001525879
4119 0.00000001525879
4120 0.00000001525879
4123 0.00000001525879
12316 0.00000001525879
8880 0.00000001525879
4130 0.00000003051758
4135 0.00000001525879
4137 0.00000001525879
4144 0.00000001525879
10248 0.00000001525879
4146 0.00000001525879
4148 0.00000001525879
8252 0.00000001525879
4155 0.00000001525879
4166 0.00000001525879
4169 0.00000001525879
4177 0.00000001525879
4179 0.00000001525879
4182 0.00000001525879
4185 0.00000001525879
4188 0.00000001525879
4191 0.00000001525879
4196 0.00000001525879
4198 0.00000001525879
4199 0.00000003051758
4200 0.00000001525879
12394 0.00000001525879
4206 0.00000001525879
4209 0.00000001525879
12402 0.00000001525879
4214 0.00000001525879
4217 0.00000001525879
703 0.00000004577637
4222 0.00000001525879
3435 0.00000004577637
4231 0.00000001525879
4232 0.00000001525879
4237 0.00000001525879
2072 0.00000003051758
4246 0.00000001525879
2073 0.00000001525879
20634 0.00000001525879
4254 0.00000001525879
2275 0.00000001525879
12455 0.00000001525879
12467 0.00000001525879
12358 0.00000001525879
4283 0.00000001525879
4285 0.00000001525879
8326 0.00000001525879
4287 0.00000001525879
4290 0.00000003051758
4294 0.00000001525879
4295 0.00000001525879
4296 0.00000003051758
4305 0.00000001525879
4313 0.00000001525879
4315 0.00000001525879
4320 0.00000003051758
4324 0.00000001525879
4326 0.00000001525879
4335 0.00000001525879
4339 0.00000001525879
17108 0.00000001525879
4346 0.00000001525879
4348 0.00000001525879
8601 0.00000001525879
4354 0.00000001525879
4356 0.00000001525879
4369 0.00000001525879
4371 0.00000001525879
4373 0.00000001525879
4382 0.00000001525879
4390 0.00000001525879
4392 0.00000001525879
4400 0.00000003051758
20786 0.00000001525879
4409 0.00000001525879
4412 0.00000001525879
4421 0.00000001525879
4423 0.00000001525879
4426 0.00000003051758
4428 0.00000001525879
4434 0.00000003051758
4444 0.00000001525879
8933 0.00000003051758
4450 0.00000001525879
12645 0.00000001525879
4454 0.00000001525879
4465 0.00000001525879
4467 0.00000003051758
745 0.00000004577637
2111 0.00000001525879
4476 0.00000001525879
12673 0.00000001525879
4483 0.00000003051758
4491 0.00000001525879
4492 0.00000001525879
4496 0.00000001525879
4500 0.00000001525879
4507 0.00000001525879
4510 0.00000001525879
752 0.00000009155273
4516 0.00000001525879
4522 0.00000001525879
2119 0.00000001525879
4526 0.00000001525879
4529 0.00000001525879
4540 0.00000001525879
4549 0.00000001525879
4555 0.00000001525879
4557 0.00000001525879
4562 0.00000001525879
12766 0.00000001525879
4576 0.00000001525879
4584 0.00000001525879
4585 0.00000001525879
12779 0.00000001525879
4588 0.00000001525879
12786 0.00000001525879
4595 0.00000001525879
4598 0.00000001525879
12792 0.00000001525879
4603 0.00000003051758
4609 0.00000001525879
4615 0.00000001525879
4616 0.00000001525879
4619 0.00000001525879
4622 0.00000003051758
4624 0.00000001525879
4628 0.00000003051758
4631 0.00000001525879
4633 0.00000001525879
4636 0.00000001525879
4638 0.00000001525879
5610 0.00000001525879
10332 0.00000001525879
775 0.00000006103516
4656 0.00000001525879
4659 0.00000001525879
4662 0.00000001525879
4663 0.00000001525879
4667 0.00000001525879
4672 0.00000001525879
4675 0.00000003051758
4676 0.00000001525879
4679 0.00000001525879
4683 0.00000001525879
4685 0.00000003051758
4688 0.00000001525879
4690 0.00000001525879
4691 0.00000001525879
4692 0.00000003051758
4693 0.00000001525879
4695 0.00000001525879
4697 0.00000001525879
4705 0.00000001525879
4708 0.00000001525879
12911 0.00000001525879
4725 0.00000001525879
4729 0.00000001525879
4739 0.00000003051758
4744 0.00000001525879
4745 0.00000001525879
4746 0.00000001525879
4750 0.00000003051758
12947 0.00000001525879
12954 0.00000001525879
4765 0.00000001525879
4771 0.00000001525879
4775 0.00000001525879
4778 0.00000001525879
4785 0.00000001525879
4788 0.00000001525879
4792 0.00000001525879
4794 0.00000003051758
4795 0.00000001525879
4801 0.00000001525879
12995 0.00000001525879
4810 0.00000001525879
2167 0.00000001525879
4813 0.00000001525879
4815 0.00000001525879
4816 0.00000001525879
4817 0.00000001525879
8995 0.00000001525879
4823 0.00000001525879
4833 0.00000001525879
4837 0.00000001525879
4842 0.00000001525879
9000 0.00000001525879
4863 0.00000001525879
4866 0.00000001525879
4871 0.00000001525879
4873 0.00000001525879
4124 0.00000001525879
13078 0.00000001525879
3547 0.00000001525879
4901 0.00000001525879
4902 0.00000001525879
4912 0.00000001525879
4918 0.00000001525879
9711 0.00000001525879
4930 0.00000001525879
4933 0.00000001525879
13144 0.00000001525879
4954 0.00000001525879
9020 0.00000001525879
13163 0.00000001525879
13164 0.00000001525879
4976 0.00000003051758
4979 0.00000001525879
4983 0.00000001525879
4985 0.00000001525879
8271 0.00000001525879
5005 0.00000001525879
5006 0.00000001525879
9027 0.00000001525879
5016 0.00000001525879
5020 0.00000001525879
5023 0.00000001525879
5026 0.00000001525879
13220 0.00000001525879
5035 0.00000001525879
5047 0.00000001525879
5049 0.00000003051758
5058 0.00000001525879
5062 0.00000001525879
5063 0.00000001525879
5067 0.00000001525879
5071 0.00000001525879
9038 0.00000001525879
5087 0.00000001525879
9040 0.00000001525879
10406 0.00000001525879
5097 0.00000001525879
5109 0.00000001525879
5111 0.00000001525879
13308 0.00000001525879
5117 0.00000003051758
5120 0.00000001525879
8354 0.00000001525879
5129 0.00000001525879
5132 0.00000001525879
5133 0.00000003051758
9049 0.00000001525879
5144 0.00000001525879
13341 0.00000001525879
5157 0.00000001525879
5162 0.00000001525879
5164 0.00000001525879
5166 0.00000001525879
5167 0.00000001525879
5171 0.00000001525879
13367 0.00000001525879
13373 0.00000001525879
5197 0.00000001525879
5206 0.00000001525879
5218 0.00000001525879
9721 0.00000001525879
5225 0.00000001525879
4969 0.00000001525879
876 0.00000004577637
9069 0.00000001525879
5268 0.00000001525879
5272 0.00000003051758
5279 0.00000001525879
5284 0.00000001525879
5288 0.00000001525879
5296 0.00000001525879
5297 0.00000001525879
13503 0.00000001525879
5312 0.00000001525879
5313 0.00000001525879
13506 0.00000001525879
886 0.00000004577637
5318 0.00000001525879
5320 0.00000001525879
5321 0.00000001525879
5324 0.00000001525879
5332 0.00000001525879
5335 0.00000001525879
5341 0.00000003051758
5344 0.00000001525879
5346 0.00000001525879
891 0.00000003051758
5349 0.00000001525879
5350 0.00000001525879
5354 0.00000001525879
10450 0.00000001525879
5363 0.00000001525879
5368 0.00000001525879
5375 0.00000001525879
1600 0.00000004577637
5384 0.00000001525879
5389 0.00000001525879
5391 0.00000001525879
13588 0.00000001525879
5734 0.00000001525879
2265 0.00000001525879
5403 0.00000001525879
5412 0.00000001525879
5416 0.00000003051758
5418 0.00000001525879
904 0.00000009155273
5429 0.00000001525879
13633 0.00000001525879
5455 0.00000001525879
5458 0.00000001525879
5459 0.00000001525879
13677 0.00000001525879
5486 0.00000001525879
5491 0.00000001525879
5498 0.00000001525879
5499 0.00000001525879
5504 0.00000001525879
13697 0.00000001525879
5510 0.00000001525879
5513 0.00000001525879
5527 0.00000001525879
13727 0.00000001525879
5540 0.00000001525879
5551 0.00000003051758
5554 0.00000001525879
13748 0.00000001525879
5558 0.00000001525879
5560 0.00000003051758
5565 0.00000001525879
5572 0.00000003051758
5573 0.00000001525879
5579 0.00000001525879
5580 0.00000001525879
5581 0.00000001525879
9123 0.00000001525879
5590 0.00000001525879
13789 0.00000001525879
9125 0.00000001525879
5602 0.00000001525879
5608 0.00000001525879
9734 0.00000001525879
13807 0.00000001525879
9128 0.00000001525879
5619 0.00000001525879
5621 0.00000001525879
5633 0.00000001525879
9131 0.00000001525879
5641 0.00000001525879
13838 0.00000001525879
9133 0.00000001525879
5654 0.00000001525879
5657 0.00000001525879
5658 0.00000001525879
5660 0.00000001525879
5670 0.00000003051758
5672 0.00000001525879
2311 0.00000003051758
946 0.00000001525879
947 0.00000007629395
9140 0.00000001525879
5691 0.00000001525879
5704 0.00000001525879
953 0.00000001525879
5646 0.00000001525879
5724 0.00000001525879
8647 0.00000001525879
5740 0.00000001525879
5741 0.00000001525879
5742 0.00000001525879
13944 0.00000001525879
5763 0.00000003051758
5766 0.00000001525879
9154 0.00000001525879
5775 0.00000001525879
9155 0.00000001525879
5787 0.00000001525879
5790 0.00000001525879
11104 0.00000001525879
13986 0.00000001525879
13988 0.00000001525879
5798 0.00000001525879
5812 0.00000003051758
5813 0.00000001525879
9161 0.00000001525879
3702 0.00000001525879
14023 0.00000001525879
5832 0.00000001525879
5835 0.00000001525879
5836 0.00000001525879
5839 0.00000001525879
5844 0.00000001525879
5846 0.00000001525879
5859 0.00000001525879
5869 0.00000001525879
5872 0.00000001525879
5874 0.00000001525879
5885 0.00000001525879
5888 0.00000001525879
5894 0.00000001525879
14097 0.00000001525879
5913 0.00000001525879
5914 0.00000001525879
8352 0.00000001525879
11910 0.00000001525879
5926 0.00000001525879
5928 0.00000001525879
5935 0.00000001525879
5944 0.00000001525879
5946 0.00000001525879
5953 0.00000001525879
3002 0.00000001525879
14151 0.00000001525879
5960 0.00000001525879
3724 0.00000004577637
744 0.00000004577637
14162 0.00000001525879
14180 0.00000001525879
5993 0.00000001525879
14191 0.00000001525879
9747 0.00000001525879
6001 0.00000001525879
6011 0.00000001525879
6012 0.00000003051758
6017 0.00000003051758
14212 0.00000001525879
6021 0.00000001525879
6023 0.00000001525879
14218 0.00000001525879
6034 0.00000001525879
8278 0.00000001525879
6038 0.00000001525879
9200 0.00000001525879
6051 0.00000001525879
9202 0.00000001525879
6063 0.00000001525879
14261 0.00000001525879
6072 0.00000001525879
6089 0.00000001525879
6094 0.00000001525879
8462 0.00000001525879
14290 0.00000001525879
6106 0.00000001525879
6111 0.00000001525879
6118 0.00000001525879
5116 0.00000001525879
6128 0.00000001525879
6131 0.00000001525879
6134 0.00000001525879
9216 0.00000001525879
6148 0.00000001525879
6157 0.00000001525879
6163 0.00000001525879
6164 0.00000001525879
6169 0.00000001525879
6176 0.00000001525879
6183 0.00000001525879
1031 0.00000004577637
14380 0.00000001525879
6189 0.00000001525879
6194 0.00000001525879
11955 0.00000001525879
6202 0.00000001525879
10591 0.00000003051758
6247 0.00000001525879
10600 0.00000001525879
6258 0.00000001525879
1045 0.00000003051758
6276 0.00000001525879
6279 0.00000001525879
6280 0.00000001525879
8498 0.00000001525879
14505 0.00000001525879
14508 0.00000001525879
6332 0.00000001525879
1575 0.00000003051758
6350 0.00000003051758
6375 0.00000001525879
6378 0.00000001525879
6380 0.00000001525879
6386 0.00000001525879
6399 0.00000001525879
6402 0.00000001525879
6407 0.00000001525879
17452 0.00000001525879
6410 0.00000001525879
6415 0.00000001525879
6417 0.00000001525879
9263 0.00000001525879
6429 0.00000001525879
14626 0.00000001525879
6443 0.00000001525879
9266 0.00000001525879
6446 0.00000001525879
1075 0.00000003051758
6452 0.00000001525879
6462 0.00000003051758
6471 0.00000001525879
6473 0.00000001525879
6480 0.00000001525879
12003 0.00000001525879
6485 0.00000001525879
6486 0.00000001525879
6487 0.00000001525879
6489 0.00000001525879
6496 0.00000001525879
6498 0.00000001525879
6500 0.00000001525879
6504 0.00000001525879
6518 0.00000001525879
14713 0.00000001525879
6532 0.00000001525879
14725 0.00000001525879
6534 0.00000001525879
6539 0.00000001525879
6540 0.00000001525879
6551 0.00000001525879
6552 0.00000001525879
6558 0.00000001525879
8402 0.00000001525879
6573 0.00000001525879
6584 0.00000001525879
6586 0.00000001525879
6587 0.00000001525879
6589 0.00000001525879
14784 0.00000001525879
1099 0.00000006103516
6618 0.00000001525879
6621 0.00000001525879
9297 0.00000001525879
6637 0.00000001525879
6647 0.00000001525879
8203 0.00000001525879
6665 0.00000001525879
6666 0.00000001525879
9303 0.00000001525879
14861 0.00000001525879
6671 0.00000001525879
6683 0.00000001525879
9306 0.00000001525879
6688 0.00000001525879
6691 0.00000001525879
6703 0.00000001525879
14897 0.00000001525879
2484 0.00000001525879
8407 0.00000001525879
14920 0.00000001525879
14926 0.00000001525879
6735 0.00000001525879
6739 0.00000001525879
6741 0.00000001525879
6749 0.00000001525879
6754 0.00000001525879
6757 0.00000001525879
1127 0.00000001525879
6776 0.00000001525879
12052 0.00000001525879
6779 0.00000001525879
6784 0.00000001525879
6787 0.00000001525879
6793 0.00000001525879
6800 0.00000001525879
6801 0.00000001525879
6815 0.00000001525879
6819 0.00000001525879
6837 0.00000001525879
6840 0.00000001525879
6842 0.00000001525879
6846 0.00000001525879
9333 0.00000001525879
6860 0.00000001525879
6863 0.00000001525879
6869 0.00000001525879
9337 0.00000001525879
6873 0.00000001525879
6874 0.00000003051758
6880 0.00000001525879
6881 0.00000001525879
6883 0.00000001525879
9593 0.00000001525879
2957 0.00000001525879
6895 0.00000001525879
6897 0.00000001525879
6904 0.00000001525879
6905 0.00000001525879
6908 0.00000001525879
6909 0.00000001525879
6918 0.00000001525879
6922 0.00000001525879
6924 0.00000001525879
1154 0.00000003051758
6937 0.00000001525879
6945 0.00000003051758
6948 0.00000001525879
6949 0.00000001525879
6965 0.00000001525879
5257 0.00000001525879
7012 0.00000001525879
7016 0.00000001525879
7019 0.00000001525879
7025 0.00000001525879
7030 0.00000001525879
15223 0.00000001525879
7034 0.00000001525879
15228 0.00000001525879
7044 0.00000003051758
7049 0.00000001525879
7051 0.00000001525879
7063 0.00000001525879
9370 0.00000001525879
7079 0.00000001525879
7085 0.00000001525879
10739 0.00000003051758
15288 0.00000001525879
7103 0.00000003051758
7107 0.00000001525879
7125 0.00000001525879
1189 0.00000001525879
8421 0.00000001525879
4875 0.00000001525879
1192 0.00000003051758
7155 0.00000001525879
7157 0.00000001525879
7162 0.00000001525879
7163 0.00000001525879
7166 0.00000001525879
7168 0.00000001525879
7172 0.00000001525879
16469 0.00000001525879
15370 0.00000001525879
7196 0.00000001525879
7202 0.00000001525879
7221 0.00000001525879
7229 0.00000001525879
7241 0.00000001525879
7253 0.00000001525879
1213 0.00000004577637
12877 0.00000001525879
7286 0.00000001525879
7297 0.00000001525879
7299 0.00000001525879
7300 0.00000001525879
7303 0.00000001525879
7306 0.00000001525879
7307 0.00000001525879
8427 0.00000001525879
7336 0.00000001525879
10780 0.00000001525879
5752 0.00000001525879
8429 0.00000001525879
7385 0.00000003051758
7390 0.00000001525879
7396 0.00000001525879
7401 0.00000001525879
7407 0.00000001525879
7421 0.00000001525879
7426 0.00000001525879
7436 0.00000001525879
5505 0.00000001525879
9436 0.00000001525879
7468 0.00000001525879
7470 0.00000001525879
7476 0.00000003051758
15671 0.00000001525879
7488 0.00000001525879
7490 0.00000001525879
7069 0.00000001525879
15694 0.00000001525879
7509 0.00000001525879
7511 0.00000001525879
15707 0.00000001525879
7518 0.00000001525879
7544 0.00000001525879
15743 0.00000001525879
7566 0.00000001525879
13549 0.00000001525879
7568 0.00000001525879
15762 0.00000001525879
15768 0.00000001525879
7578 0.00000001525879
7585 0.00000001525879
18654 0.00000001525879
7591 0.00000001525879
7610 0.00000001525879
7611 0.00000001525879
15806 0.00000001525879
7623 0.00000001525879
7626 0.00000001525879
7646 0.00000003051758
7652 0.00000001525879
7660 0.00000001525879
7674 0.00000001525879
1279 0.00000001525879
7677 0.00000001525879
7682 0.00000001525879
7685 0.00000001525879
7700 0.00000001525879
7719 0.00000001525879
7728 0.00000001525879
1622 0.00000006103516
9486 0.00000001525879
7767 0.00000003051758
17679 0.00000001525879
7780 0.00000001525879
7781 0.00000001525879
7791 0.00000001525879
7803 0.00000001525879
7804 0.00000001525879
7808 0.00000001525879
7811 0.00000001525879
1897 0.00000001525879
7830 0.00000001525879
7846 0.00000001525879
7854 0.00000001525879
1309 0.00000001525879
7859 0.00000001525879
16058 0.00000001525879
7873 0.00000001525879
7879 0.00000003051758
7891 0.00000001525879
7906 0.00000001525879
7911 0.00000003051758
7923 0.00000001525879
7927 0.00000003051758
4054 0.00000001525879
7948 0.00000001525879
10882 0.00000001525879
7951 0.00000001525879
7952 0.00000001525879
7955 0.00000001525879
7999 0.00000001525879
8008 0.00000001525879
2781 0.00000003051758
8022 0.00000001525879
8032 0.00000001525879
9534 0.00000001525879
8065 0.00000001525879
8079 0.00000001525879
8081 0.00000001525879
8097 0.00000001525879
8107 0.00000001525879
8108 0.00000001525879
8109 0.00000001525879
8110 0.00000001525879
8123 0.00000001525879
16335 0.00000001525879
8150 0.00000001525879
9551 0.00000001525879
8159 0.00000001525879
8168 0.00000001525879
8169 0.00000001525879
9555 0.00000001525879
8182 0.00000001525879
8189 0.00000001525879
9557 0.00000001525879
