1 0.01780932617188
2 0.00377880859375
3 0.00227587890625
4 0.00147241210937
5 0.00104736328125
6 0.00077807617188
7 0.00059838867188
8 0.00045996093750
9 0.00036303710938
10 0.00031762695312
11 0.00027319335937
12 0.00024438476562
13 0.00019897460937
14 0.00018164062500
15 0.00016503906250
16 0.00013647460938
17 0.00011596679688
18 0.00010986328125
19 0.00010327148437
20 0.00009301757813
21 0.00009448242188
22 0.00008251953125
23 0.00007128906250
24 0.00007104492187
25 0.00006762695313
26 0.00006372070313
27 0.00005908203125
28 0.00004541015625
29 0.00004785156250
30 0.00004199218750
31 0.00004174804688
32 0.00004321289063
33 0.00003906250000
34 0.00004345703125
35 0.00003662109375
36 0.00003417968750
37 0.00003247070313
38 0.00003002929687
39 0.00002978515625
40 0.00003125000000
41 0.00003198242188
42 0.00002490234375
43 0.00002319335937
44 0.00002197265625
45 0.00002539062500
46 0.00002148437500
47 0.00001977539063
48 0.00002001953125
49 0.00002270507812
50 0.00001904296875
51 0.00002075195312
52 0.00001757812500
53 0.00002099609375
54 0.00001928710938
55 0.00001831054687
56 0.00001611328125
57 0.00001074218750
58 0.00001806640625
59 0.00001367187500
60 0.00001220703125
61 0.00001416015625
62 0.00001318359375
63 0.00001269531250
64 0.00001123046875
65 0.00000903320312
66 0.00001025390625
67 0.00001293945312
68 0.00001025390625
69 0.00001147460937
70 0.00000854492188
71 0.00001000976563
72 0.00000805664063
73 0.00001025390625
74 0.00001196289062
75 0.00001025390625
76 0.00000683593750
77 0.00000708007813
78 0.00000952148437
79 0.00000805664063
80 0.00000659179687
81 0.00000878906250
82 0.00001025390625
83 0.00000805664063
84 0.00000634765625
85 0.00000659179687
86 0.00000659179687
87 0.00000439453125
88 0.00000830078125
89 0.00000756835937
90 0.00000610351562
91 0.00000854492188
92 0.00000537109375
93 0.00000659179687
94 0.00000708007813
95 0.00000830078125
96 0.00000585937500
97 0.00000805664063
98 0.00000439453125
99 0.00000488281250
100 0.00000512695312
101 0.00000512695312
102 0.00000415039063
103 0.00000708007813
104 0.00000634765625
105 0.00000488281250
106 0.00000488281250
107 0.00000488281250
108 0.00000463867187
109 0.00000537109375
110 0.00000463867187
111 0.00000585937500
112 0.00000512695312
113 0.00000390625000
114 0.00000415039063
115 0.00000439453125
116 0.00000390625000
117 0.00000585937500
118 0.00000561523437
119 0.00000537109375
120 0.00000561523437
121 0.00000463867187
122 0.00000268554687
123 0.00000463867187
124 0.00000488281250
125 0.00000341796875
126 0.00000317382812
127 0.00000415039063
128 0.00000292968750
129 0.00000268554687
130 0.00000341796875
131 0.00000415039063
132 0.00000268554687
133 0.00000244140625
134 0.00000292968750
135 0.00000268554687
136 0.00000219726562
137 0.00000292968750
138 0.00000292968750
139 0.00000292968750
140 0.00000292968750
141 0.00000366210937
142 0.00000195312500
143 0.00000244140625
144 0.00000244140625
145 0.00000292968750
146 0.00000317382812
147 0.00000292968750
148 0.00000268554687
149 0.00000317382812
150 0.00000317382812
151 0.00000341796875
152 0.00000195312500
153 0.00000317382812
154 0.00000317382812
155 0.00000317382812
156 0.00000244140625
157 0.00000195312500
158 0.00000317382812
159 0.00000122070313
160 0.00000195312500
161 0.00000268554687
162 0.00000122070313
163 0.00000244140625
164 0.00000219726562
165 0.00000463867187
166 0.00000219726562
167 0.00000317382812
168 0.00000317382812
169 0.00000268554687
170 0.00000268554687
171 0.00000244140625
172 0.00000390625000
173 0.00000146484375
174 0.00000170898438
175 0.00000268554687
176 0.00000170898438
177 0.00000219726562
178 0.00000244140625
179 0.00000268554687
180 0.00000244140625
181 0.00000073242187
182 0.00000146484375
183 0.00000292968750
184 0.00000292968750
185 0.00000219726562
186 0.00000219726562
187 0.00000146484375
188 0.00000219726562
189 0.00000195312500
190 0.00000097656250
191 0.00000122070313
192 0.00000366210937
193 0.00000097656250
194 0.00000219726562
195 0.00000170898438
196 0.00000195312500
197 0.00000268554687
198 0.00000170898438
199 0.00000195312500
200 0.00000195312500
201 0.00000146484375
202 0.00000244140625
203 0.00000122070313
204 0.00000073242187
205 0.00000244140625
206 0.00000219726562
207 0.00000097656250
208 0.00000170898438
209 0.00000219726562
210 0.00000073242187
211 0.00000170898438
212 0.00000146484375
213 0.00000097656250
214 0.00000244140625
215 0.00000146484375
216 0.00000170898438
217 0.00000195312500
218 0.00000122070313
219 0.00000048828125
220 0.00000146484375
221 0.00000268554687
222 0.00000170898438
223 0.00000146484375
224 0.00000122070313
225 0.00000097656250
226 0.00000146484375
227 0.00000146484375
228 0.00000219726562
229 0.00000073242187
230 0.00000122070313
231 0.00000122070313
232 0.00000292968750
233 0.00000146484375
234 0.00000146484375
235 0.00000195312500
236 0.00000170898438
237 0.00000048828125
238 0.00000048828125
239 0.00000073242187
240 0.00000073242187
241 0.00000048828125
242 0.00000097656250
243 0.00000292968750
244 0.00000122070313
245 0.00000122070313
246 0.00000219726562
247 0.00000170898438
248 0.00000146484375
249 0.00000122070313
250 0.00000097656250
251 0.00000170898438
252 0.00000122070313
253 0.00000146484375
254 0.00000097656250
255 0.00000073242187
256 0.00000122070313
257 0.00000195312500
258 0.00000048828125
259 0.00000097656250
260 0.00000122070313
261 0.00000024414063
262 0.00000122070313
263 0.00000146484375
264 0.00000195312500
265 0.00000195312500
266 0.00000048828125
267 0.00000170898438
268 0.00000146484375
269 0.00000073242187
270 0.00000146484375
271 0.00000170898438
272 0.00000073242187
273 0.00000048828125
274 0.00000195312500
275 0.00000048828125
276 0.00000097656250
277 0.00000073242187
278 0.00000097656250
279 0.00000122070313
280 0.00000024414063
281 0.00000097656250
282 0.00000048828125
283 0.00000097656250
284 0.00000097656250
285 0.00000122070313
286 0.00000073242187
287 0.00000170898438
288 0.00000073242187
289 0.00000097656250
290 0.00000122070313
291 0.00000122070313
292 0.00000146484375
293 0.00000097656250
294 0.00000146484375
295 0.00000073242187
296 0.00000097656250
297 0.00000122070313
298 0.00000122070313
299 0.00000097656250
300 0.00000122070313
301 0.00000146484375
302 0.00000097656250
303 0.00000122070313
304 0.00000024414063
305 0.00000048828125
306 0.00000024414063
307 0.00000122070313
308 0.00000097656250
309 0.00000024414063
311 0.00000097656250
312 0.00000073242187
313 0.00000146484375
314 0.00000048828125
316 0.00000048828125
317 0.00000097656250
318 0.00000024414063
319 0.00000195312500
320 0.00000048828125
321 0.00000073242187
322 0.00000122070313
323 0.00000073242187
324 0.00000024414063
325 0.00000024414063
326 0.00000048828125
327 0.00000073242187
328 0.00000097656250
329 0.00000097656250
330 0.00000097656250
331 0.00000048828125
332 0.00000122070313
333 0.00000073242187
334 0.00000073242187
335 0.00000048828125
336 0.00000073242187
337 0.00000024414063
338 0.00000073242187
340 0.00000073242187
341 0.00000024414063
342 0.00000024414063
343 0.00000073242187
344 0.00000073242187
345 0.00000097656250
346 0.00000122070313
347 0.00000146484375
348 0.00000097656250
349 0.00000097656250
350 0.00000146484375
351 0.00000024414063
352 0.00000048828125
353 0.00000048828125
354 0.00000097656250
355 0.00000073242187
356 0.00000024414063
357 0.00000170898438
358 0.00000048828125
359 0.00000048828125
361 0.00000097656250
362 0.00000073242187
363 0.00000097656250
364 0.00000048828125
365 0.00000048828125
366 0.00000073242187
367 0.00000048828125
368 0.00000048828125
369 0.00000024414063
371 0.00000122070313
372 0.00000097656250
373 0.00000073242187
374 0.00000024414063
375 0.00000048828125
376 0.00000097656250
377 0.00000048828125
378 0.00000048828125
379 0.00000073242187
380 0.00000073242187
381 0.00000073242187
382 0.00000048828125
383 0.00000024414063
384 0.00000048828125
385 0.00000048828125
386 0.00000073242187
387 0.00000073242187
388 0.00000048828125
389 0.00000097656250
390 0.00000122070313
391 0.00000048828125
392 0.00000048828125
393 0.00000097656250
394 0.00000073242187
395 0.00000122070313
396 0.00000122070313
397 0.00000048828125
398 0.00000024414063
399 0.00000024414063
400 0.00000048828125
401 0.00000024414063
402 0.00000024414063
403 0.00000024414063
404 0.00000048828125
406 0.00000024414063
407 0.00000097656250
408 0.00000048828125
409 0.00000048828125
410 0.00000024414063
412 0.00000073242187
413 0.00000048828125
415 0.00000073242187
416 0.00000146484375
417 0.00000024414063
418 0.00000024414063
419 0.00000073242187
420 0.00000048828125
421 0.00000048828125
422 0.00000048828125
423 0.00000024414063
424 0.00000024414063
426 0.00000024414063
427 0.00000024414063
428 0.00000073242187
429 0.00000024414063
430 0.00000048828125
431 0.00000073242187
432 0.00000024414063
433 0.00000024414063
434 0.00000048828125
435 0.00000073242187
436 0.00000024414063
437 0.00000048828125
438 0.00000097656250
439 0.00000048828125
440 0.00000048828125
441 0.00000048828125
442 0.00000073242187
444 0.00000073242187
445 0.00000097656250
446 0.00000024414063
447 0.00000024414063
448 0.00000048828125
449 0.00000122070313
451 0.00000048828125
453 0.00000048828125
454 0.00000024414063
455 0.00000024414063
456 0.00000024414063
457 0.00000097656250
458 0.00000024414063
459 0.00000073242187
460 0.00000048828125
461 0.00000122070313
462 0.00000024414063
463 0.00000024414063
465 0.00000122070313
466 0.00000146484375
467 0.00000048828125
468 0.00000048828125
469 0.00000073242187
470 0.00000073242187
471 0.00000097656250
472 0.00000048828125
473 0.00000024414063
474 0.00000048828125
475 0.00000048828125
476 0.00000024414063
477 0.00000073242187
478 0.00000073242187
479 0.00000024414063
480 0.00000097656250
483 0.00000073242187
484 0.00000048828125
485 0.00000048828125
486 0.00000048828125
487 0.00000048828125
488 0.00000024414063
489 0.00000024414063
490 0.00000024414063
491 0.00000048828125
492 0.00000048828125
493 0.00000048828125
495 0.00000073242187
497 0.00000024414063
498 0.00000024414063
499 0.00000024414063
500 0.00000048828125
501 0.00000024414063
503 0.00000048828125
505 0.00000073242187
506 0.00000048828125
507 0.00000024414063
509 0.00000024414063
512 0.00000073242187
514 0.00000073242187
515 0.00000048828125
516 0.00000048828125
517 0.00000024414063
519 0.00000024414063
520 0.00000048828125
521 0.00000024414063
522 0.00000024414063
523 0.00000073242187
524 0.00000024414063
526 0.00000073242187
527 0.00000024414063
528 0.00000048828125
530 0.00000073242187
531 0.00000097656250
533 0.00000024414063
534 0.00000024414063
535 0.00000048828125
536 0.00000097656250
537 0.00000048828125
538 0.00000073242187
539 0.00000122070313
541 0.00000024414063
542 0.00000073242187
543 0.00000024414063
544 0.00000024414063
545 0.00000024414063
546 0.00000048828125
547 0.00000024414063
548 0.00000024414063
550 0.00000048828125
551 0.00000024414063
552 0.00000024414063
553 0.00000073242187
554 0.00000048828125
556 0.00000048828125
558 0.00000024414063
560 0.00000024414063
561 0.00000024414063
562 0.00000073242187
563 0.00000024414063
564 0.00000024414063
565 0.00000024414063
566 0.00000024414063
567 0.00000073242187
568 0.00000024414063
569 0.00000048828125
570 0.00000024414063
572 0.00000024414063
573 0.00000024414063
576 0.00000024414063
577 0.00000097656250
578 0.00000073242187
579 0.00000024414063
581 0.00000048828125
582 0.00000024414063
584 0.00000073242187
585 0.00000048828125
586 0.00000024414063
587 0.00000048828125
591 0.00000048828125
594 0.00000048828125
596 0.00000048828125
598 0.00000024414063
599 0.00000048828125
600 0.00000048828125
601 0.00000073242187
603 0.00000024414063
604 0.00000048828125
605 0.00000073242187
606 0.00000024414063
607 0.00000048828125
608 0.00000024414063
609 0.00000024414063
610 0.00000024414063
611 0.00000024414063
613 0.00000024414063
614 0.00000024414063
615 0.00000024414063
616 0.00000024414063
617 0.00000024414063
620 0.00000024414063
621 0.00000024414063
623 0.00000024414063
625 0.00000024414063
627 0.00000024414063
628 0.00000048828125
630 0.00000024414063
631 0.00000048828125
632 0.00000024414063
633 0.00000048828125
634 0.00000073242187
637 0.00000024414063
638 0.00000024414063
639 0.00000024414063
640 0.00000024414063
641 0.00000048828125
646 0.00000024414063
650 0.00000024414063
651 0.00000024414063
652 0.00000048828125
655 0.00000024414063
656 0.00000024414063
659 0.00000024414063
661 0.00000024414063
662 0.00000048828125
664 0.00000024414063
665 0.00000024414063
666 0.00000024414063
667 0.00000024414063
668 0.00000048828125
674 0.00000097656250
675 0.00000024414063
677 0.00000024414063
678 0.00000024414063
680 0.00000024414063
681 0.00000048828125
683 0.00000024414063
685 0.00000048828125
689 0.00000097656250
692 0.00000048828125
693 0.00000024414063
694 0.00000024414063
695 0.00000048828125
696 0.00000024414063
697 0.00000024414063
698 0.00000024414063
701 0.00000024414063
702 0.00000048828125
703 0.00000024414063
705 0.00000024414063
709 0.00000073242187
710 0.00000097656250
711 0.00000024414063
713 0.00000024414063
715 0.00000024414063
717 0.00000024414063
721 0.00000048828125
722 0.00000024414063
724 0.00000048828125
725 0.00000024414063
726 0.00000024414063
727 0.00000048828125
731 0.00000048828125
732 0.00000024414063
733 0.00000024414063
736 0.00000048828125
738 0.00000024414063
739 0.00000024414063
742 0.00000073242187
743 0.00000073242187
746 0.00000048828125
750 0.00000048828125
751 0.00000024414063
752 0.00000024414063
755 0.00000024414063
757 0.00000024414063
761 0.00000024414063
762 0.00000024414063
763 0.00000024414063
764 0.00000024414063
766 0.00000048828125
767 0.00000024414063
772 0.00000024414063
773 0.00000048828125
776 0.00000024414063
777 0.00000024414063
779 0.00000048828125
781 0.00000024414063
782 0.00000024414063
783 0.00000024414063
786 0.00000073242187
787 0.00000024414063
788 0.00000024414063
789 0.00000024414063
791 0.00000024414063
794 0.00000024414063
798 0.00000024414063
809 0.00000024414063
812 0.00000024414063
816 0.00000024414063
818 0.00000024414063
819 0.00000048828125
821 0.00000048828125
825 0.00000024414063
828 0.00000024414063
829 0.00000024414063
830 0.00000024414063
832 0.00000048828125
837 0.00000024414063
838 0.00000024414063
839 0.00000024414063
842 0.00000048828125
846 0.00000024414063
848 0.00000024414063
851 0.00000024414063
852 0.00000024414063
854 0.00000048828125
856 0.00000024414063
857 0.00000024414063
858 0.00000024414063
861 0.00000024414063
862 0.00000024414063
863 0.00000048828125
864 0.00000024414063
866 0.00000024414063
869 0.00000024414063
875 0.00000024414063
880 0.00000024414063
896 0.00000024414063
899 0.00000024414063
901 0.00000024414063
903 0.00000024414063
906 0.00000024414063
911 0.00000024414063
915 0.00000024414063
917 0.00000024414063
918 0.00000024414063
920 0.00000024414063
922 0.00000024414063
930 0.00000048828125
932 0.00000024414063
933 0.00000024414063
934 0.00000024414063
935 0.00000024414063
936 0.00000024414063
944 0.00000048828125
947 0.00000024414063
950 0.00000024414063
953 0.00000024414063
961 0.00000024414063
965 0.00000024414063
966 0.00000024414063
967 0.00000048828125
976 0.00000024414063
979 0.00000024414063
981 0.00000024414063
984 0.00000024414063
989 0.00000024414063
990 0.00000024414063
994 0.00000024414063
996 0.00000024414063
999 0.00000024414063
1002 0.00000024414063
1016 0.00000024414063
1023 0.00000048828125
1029 0.00000024414063
1053 0.00000024414063
1065 0.00000024414063
1070 0.00000024414063
1073 0.00000024414063
1078 0.00000024414063
1083 0.00000024414063
1098 0.00000024414063
1102 0.00000048828125
1110 0.00000048828125
1124 0.00000024414063
1126 0.00000024414063
1134 0.00000024414063
1160 0.00000048828125
1167 0.00000024414063
1169 0.00000024414063
1175 0.00000024414063
1176 0.00000024414063
1236 0.00000024414063
1244 0.00000024414063
1275 0.00000024414063
1285 0.00000024414063
1428 0.00000024414063
1481 0.00000024414063
