# 1: Bin number
# 2: r
# 3: g(r)
0	0.025	0
1	0.075	0
2	0.125	0
3	0.175	0
4	0.225	0
5	0.275	0
6	0.325	0
7	0.375	0
8	0.425	0
9	0.475	0
10	0.525	0
11	0.575	0
12	0.625	0
13	0.675	0
14	0.725	0
15	0.775	0
16	0.825	0
17	0.875	0
18	0.925	0
19	0.975	0.418462
20	1.025	1.8932
21	1.075	3.51128
22	1.125	2.70322
23	1.175	3.51543
24	1.225	2.81018
25	1.275	2.10466
26	1.325	2.67398
27	1.375	2.14638
28	1.425	1.80249
29	1.475	1.68237
30	1.525	1.30016
31	1.575	0.93023
32	1.625	1.14507
33	1.675	1.36135
34	1.725	1.47077
35	1.775	1.08601
36	1.825	1.31401
37	1.875	1.1996
38	1.925	1.4602
39	1.975	0.714004
40	2.025	1.18372
41	2.075	0.887103
42	2.125	1.03969
43	2.175	1.21111
44	2.225	1.04478
45	2.275	1.26073
46	2.325	1.05989
47	2.375	1.01573
48	2.425	1.01487
49	2.475	0.974285
50	2.525	0.848715
51	2.575	0.972091
52	2.625	0.993155
53	2.675	0.978617
54	2.725	1.09306
55	2.775	1.14703
56	2.825	0.967194
57	2.875	1.059
58	2.925	1.05101
59	2.975	0.980014
60	3.025	0.895709
61	3.075	0.883649
62	3.125	0.937084
63	3.175	0.986742
64	3.225	0.964034
65	3.275	1.14998
66	3.325	0.914118
67	3.375	0.971068
68	3.425	0.976841
69	3.475	0.988472
70	3.525	1.08871
71	3.575	1.07093
72	3.625	1.02948
73	3.675	1.06647
74	3.725	0.986415
75	3.775	1.09448
76	3.825	0.962707
77	3.875	1.07581
78	3.925	0.81097
79	3.975	1.10798
80	4.025	1.03151
81	4.075	1.00635
82	4.125	1.00548
83	4.175	1.03633
84	4.225	0.998573
85	4.275	0.966643
86	4.325	0.825306
87	4.375	0.972848
88	4.425	0.975372
89	4.475	1.00138
90	4.525	1.06488
91	4.575	0.988501
92	4.625	0.993285
93	4.675	1.04133
94	4.725	0.933864
95	4.775	1.00166
96	4.825	0.963919
97	4.875	0.897371
98	4.925	0.994069
99	4.975	1.07707
