# 1: Bin number
# 2: r
# 3: g(r)
0	0.025	0
1	0.075	0
2	0.125	0
3	0.175	0
4	0.225	0
5	0.275	0
6	0.325	0
7	0.375	0
8	0.425	0
9	0.475	0
10	0.525	0
11	0.575	0
12	0.625	0
13	0.675	0
14	0.725	0
15	0.775	0
16	0.825	0
17	0.875	0
18	0.925	0
19	0.975	0.334769
20	1.025	1.66602
21	1.075	3.44243
22	1.125	3.39475
23	1.175	3.68832
24	1.225	2.81018
25	1.275	2.44728
26	1.325	1.99416
27	1.375	1.97804
28	1.425	1.95923
29	1.475	1.53608
30	1.525	1.53966
31	1.575	1.37931
32	1.625	1.20534
33	1.675	1.2479
34	1.725	1.57773
35	1.775	1.2628
36	1.825	1.14678
37	1.875	1.0638
38	1.925	1.18105
39	1.975	1.14241
40	2.025	0.950855
41	2.075	1.20129
42	2.125	1.03969
43	2.175	1.02608
44	2.225	0.819751
45	2.275	1.09161
46	2.325	0.986285
47	2.375	1.19913
48	2.425	1.17725
49	2.475	0.922324
50	2.525	1.02345
51	2.575	1.0561
52	2.625	0.981606
53	2.675	0.811807
54	2.725	1.00733
55	2.775	0.981694
56	2.825	1.1367
57	2.875	0.943473
58	2.925	1.05101
59	2.975	1.13286
60	3.025	1.06963
61	3.075	0.925727
62	3.125	1.03487
63	3.175	0.899909
64	3.225	0.948732
65	3.275	0.949662
66	3.325	0.878129
67	3.375	1.006
68	3.425	1.04468
69	3.475	1.14663
70	3.525	1.0759
71	3.575	0.989984
72	3.625	0.993141
73	3.675	0.983978
74	3.725	1.03803
75	3.775	0.999546
76	3.825	0.892
77	3.875	0.938024
78	3.925	1.1054
79	3.975	0.972003
80	4.025	0.928356
81	4.075	0.948844
82	4.125	0.982101
83	4.175	0.83089
84	4.225	1.01195
85	4.275	1.12775
86	4.325	0.991218
87	4.375	0.993636
88	4.425	0.975372
89	4.475	0.989461
90	4.525	0.991034
91	4.575	0.996105
92	4.625	1.08257
93	4.675	1.01584
94	4.725	0.973072
95	4.775	0.893469
96	4.825	0.912647
97	4.875	0.997823
98	4.925	0.941577
99	4.975	0.945252
