# 1: Bin number
# 2: r
# 3: g(r)
0	0.025	0
1	0.075	0
2	0.125	0
3	0.175	0
4	0.225	0
5	0.275	0
6	0.325	0
7	0.375	0
8	0.425	0
9	0.475	0
10	0.525	0
11	0.575	0
12	0.625	0
13	0.675	0
14	0.725	0
15	0.775	0
16	0.825	0
17	0.875	0
18	0.925	0.0929824
19	0.975	0.502154
20	1.025	1.43883
21	1.075	3.44243
22	1.125	3.20615
23	1.175	3.51543
24	1.225	3.23435
25	1.275	2.64307
26	1.325	2.13012
27	1.375	1.80969
28	1.425	1.76331
29	1.475	1.57265
30	1.525	1.36858
31	1.575	1.31515
32	1.625	1.26561
33	1.675	1.41807
34	1.725	0.989426
35	1.775	1.41434
36	1.825	1.09899
37	1.875	1.15434
38	1.925	1.18105
39	1.975	1.12201
40	2.025	0.950855
41	2.075	1.12736
42	2.125	1.19829
43	2.175	1.07655
44	2.225	1.17337
45	2.275	1.01474
46	2.325	0.853799
47	2.375	1.38252
48	2.425	1.3667
49	2.475	0.714476
50	2.525	0.886159
51	2.575	0.924087
52	2.625	0.923865
53	2.675	1.08982
54	2.725	0.846588
55	2.775	1.11603
56	2.825	0.997107
57	2.875	0.933846
58	2.925	1.04171
59	2.975	1.06093
60	3.025	1.00876
61	3.075	0.942559
62	3.125	0.977827
63	3.175	1.042
64	3.225	0.979337
65	3.275	0.986758
66	3.325	0.993294
67	3.375	1.07586
68	3.425	1.01754
69	3.475	0.883035
70	3.525	0.941417
71	3.575	1.14564
72	3.625	1.07187
73	3.675	1.03111
74	3.725	1.03229
75	3.775	0.871113
76	3.825	0.935512
77	3.875	1.08111
78	3.925	0.94527
79	3.975	1.01229
80	4.025	0.952916
81	4.075	0.82904
82	4.125	0.954041
83	4.175	1.05459
84	4.225	1.0699
85	4.275	0.9231
86	4.325	1.01674
87	4.375	1.01027
88	4.425	1.01195
89	4.475	0.989461
90	4.525	0.913306
91	4.575	0.969491
92	4.625	0.970964
93	4.675	1.03405
94	4.725	0.983765
95	4.775	1.04703
96	4.825	1.02545
97	4.875	0.85719
98	4.925	1.01375
99	4.975	1.05457
