# 1: Bin number
# 2: r
# 3: g(r)
0	0.025	0
1	0.075	0
2	0.125	0
3	0.175	0
4	0.225	0
5	0.275	0
6	0.325	0
7	0.375	0
8	0.425	0
9	0.475	0
10	0.525	0
11	0.575	0
12	0.625	0
13	0.675	0
14	0.725	0
15	0.775	0
16	0.825	0
17	0.875	0
18	0.925	0
19	0.975	0.502154
20	1.025	1.81747
21	1.075	2.82279
22	1.125	3.45761
23	1.175	3.97647
24	1.225	2.59809
25	1.275	3.23041
26	1.325	2.03948
27	1.375	1.97804
28	1.425	1.48902
29	1.475	1.49951
30	1.525	1.50544
31	1.575	1.18685
32	1.625	1.17521
33	1.675	1.2479
34	1.725	1.20336
35	1.775	1.08601
36	1.825	0.979538
37	1.875	1.29014
38	1.925	1.5461
39	1.975	0.999606
40	2.025	0.950855
41	2.075	1.1828
42	2.125	1.11018
43	2.175	0.992441
44	2.225	1.26981
45	2.275	1.29148
46	2.325	0.942123
47	2.375	1.22734
48	2.425	0.947217
49	2.475	1.03924
50	2.525	0.986008
51	2.575	0.828078
52	2.625	0.831478
53	2.675	1.04534
54	2.725	0.9859
55	2.775	0.950693
56	2.825	1.03699
57	2.875	1.1649
58	2.925	0.939397
59	2.975	1.01598
60	3.025	1.03485
61	3.075	0.950974
62	3.125	0.823004
63	3.175	0.986742
64	3.225	0.986988
65	3.275	1.03869
66	3.325	1.05088
67	3.375	0.880248
68	3.425	1.05824
69	3.475	0.889625
70	3.525	1.16556
71	3.575	1.07093
72	3.625	1.02948
73	3.675	0.978086
74	3.725	1.03803
75	3.775	1.0163
76	3.825	0.897439
77	3.875	1.07051
78	3.925	0.991759
79	3.975	0.992148
80	4.025	0.91362
81	4.075	0.948844
82	4.125	0.944688
83	4.175	0.981546
84	4.225	0.949536
85	4.275	0.936163
86	4.325	0.991218
87	4.375	1.0269
88	4.425	0.995692
89	4.475	1.04112
90	4.525	0.979375
91	4.575	1.04173
92	4.625	0.937482
93	4.675	1.01584
94	4.725	0.994458
95	4.775	1.00166
96	4.825	1.02203
97	4.875	0.9409
98	4.925	0.944858
99	4.975	0.970973
