# 1: Bin number
# 2: r
# 3: g(r)
0	0.025	0
1	0.075	0
2	0.125	0
3	0.175	0
4	0.225	0
5	0.275	0
6	0.325	0
7	0.375	0
8	0.425	0
9	0.475	0
10	0.525	0
11	0.575	0
12	0.625	0
13	0.675	0
14	0.725	0
15	0.775	0
16	0.825	0
17	0.875	0
18	0.925	0
19	0.975	0.0836923
20	1.025	2.04466
21	1.075	3.58013
22	1.125	3.14328
23	1.175	3.80358
24	1.225	2.81018
25	1.275	2.74096
26	1.325	2.13012
27	1.375	1.51509
28	1.425	1.60657
29	1.475	1.82867
30	1.525	1.6423
31	1.575	1.21892
32	1.625	0.873871
33	1.675	1.30463
34	1.725	1.33706
35	1.775	1.23754
36	1.825	1.14678
37	1.875	0.905361
38	1.925	1.15957
39	1.975	1.14241
40	2.025	1.26134
41	2.075	1.01647
42	2.125	1.26878
43	2.175	1.14383
44	2.225	1.04478
45	2.275	1.10699
46	2.325	1.14821
47	2.375	1.12859
48	2.425	1.04194
49	2.475	0.870362
50	2.525	1.06089
51	2.575	1.0201
52	2.625	0.923865
53	2.675	0.934134
54	2.725	1.03948
55	2.775	0.940359
56	2.825	0.967194
57	2.875	1.04937
58	2.925	0.976601
59	2.975	0.908087
60	3.025	1.09572
61	3.075	0.993053
62	3.125	0.953381
63	3.175	0.82097
64	3.225	0.964034
65	3.275	0.957081
66	3.325	1.13005
67	3.375	0.950109
68	3.425	1.07181
69	3.475	1.08732
70	3.525	0.979842
71	3.575	1.07715
72	3.625	1.04159
73	3.675	1.07825
74	3.725	1.03803
75	3.775	0.882281
76	3.825	0.902878
77	3.875	0.99102
78	3.925	0.971097
79	3.975	1.03244
80	4.025	1.04624
81	4.075	0.891338
82	4.125	0.986778
83	4.175	0.885674
84	4.225	0.994115
85	4.275	1.06244
86	4.325	0.906135
87	4.375	0.997793
88	4.425	1.06072
89	4.475	1.00138
90	4.525	1.03378
91	4.575	0.935274
92	4.625	0.967243
93	4.675	1.0559
94	4.725	0.912478
95	4.775	0.963271
96	4.825	0.895556
97	4.875	1.0514
98	4.925	1.00719
99	4.975	1.00955
