# 1: Bin number
# 2: r
# 3: g(r)
0	0.025	0
1	0.075	0
2	0.125	0
3	0.175	0
4	0.225	0
5	0.275	0
6	0.325	0
7	0.375	0
8	0.425	0
9	0.475	0
10	0.525	0
11	0.575	0
12	0.625	0
13	0.675	0
14	0.725	0
15	0.775	0
16	0.825	0
17	0.875	0
18	0.925	0
19	0.975	0.334769
20	1.025	1.96893
21	1.075	3.23588
22	1.125	4.212
23	1.175	2.8815
24	1.225	3.60551
25	1.275	1.90888
26	1.325	2.13012
27	1.375	1.38884
28	1.425	1.5282
29	1.475	1.71895
30	1.525	1.77916
31	1.575	1.251
32	1.625	1.41627
33	1.675	0.99265
34	1.725	1.2301
35	1.775	1.28806
36	1.825	1.09899
37	1.875	1.0638
38	1.925	1.24547
39	1.975	1.04041
40	2.025	1.14491
41	2.075	1.01647
42	2.125	1.14542
43	2.175	1.02608
44	2.225	1.28588
45	2.275	1.15311
46	2.325	1.20709
47	2.375	0.987518
48	2.425	0.960748
49	2.475	0.948305
50	2.525	0.948564
51	2.575	1.14011
52	2.625	1.10864
53	2.675	1.06758
54	2.725	0.900169
55	2.775	1.03336
56	2.825	0.817628
57	2.875	0.962728
58	2.925	0.985902
59	2.975	0.953042
60	3.025	0.973974
61	3.075	0.95939
62	3.125	0.977827
63	3.175	0.899909
64	3.225	0.902826
65	3.275	1.11289
66	3.325	1.01489
67	3.375	1.06189
68	3.425	1.1193
69	3.475	1.11368
70	3.525	0.870971
71	3.575	0.965079
72	3.625	0.93864
73	3.675	1.08414
74	3.725	1.15273
75	3.775	0.904617
76	3.825	0.930073
77	3.875	0.975121
78	3.925	1.05891
79	3.975	0.951858
80	4.025	0.977475
81	4.075	1.06385
82	4.125	0.986778
83	4.175	0.89937
84	4.225	0.931704
85	4.275	1.01019
86	4.325	1.01249
87	4.375	1.05184
88	4.425	0.987564
89	4.475	1.00933
90	4.525	0.967716
91	4.575	0.923868
92	4.625	1.00072
93	4.675	0.950306
94	4.725	0.976637
95	4.775	0.949311
96	4.825	0.902393
97	4.875	1.05809
98	4.925	1.01375
99	4.975	0.993479
