# 1: Bin number
# 2: r
# 3: g(r)
0	0.025	0
1	0.075	0
2	0.125	0
3	0.175	0
4	0.225	0
5	0.275	0
6	0.325	0
7	0.375	0
8	0.425	0
9	0.475	0
10	0.525	0
11	0.575	0
12	0.625	0
13	0.675	0
14	0.725	0
15	0.775	0
16	0.825	0
17	0.875	0
18	0.925	0
19	0.975	0.585846
20	1.025	1.81747
21	1.075	3.99322
22	1.125	3.20615
23	1.175	3.28491
24	1.225	2.386
25	1.275	2.74096
26	1.325	2.31141
27	1.375	1.64135
28	1.425	1.84168
29	1.475	1.49951
30	1.525	1.4028
31	1.575	1.28308
32	1.625	1.23547
33	1.675	1.04937
34	1.725	1.31032
35	1.775	1.0355
36	1.825	1.38569
37	1.875	1.15434
38	1.925	1.15957
39	1.975	1.12201
40	2.025	1.1255
41	2.075	1.05344
42	2.125	0.969203
43	2.175	1.12701
44	2.225	1.14122
45	2.275	1.06086
46	2.325	1.13349
47	2.375	1.08627
48	2.425	1.13666
49	2.475	1.10419
50	2.525	0.973527
51	2.575	0.876082
52	2.625	0.877671
53	2.675	1.11206
54	2.725	0.900169
55	2.775	1.0437
56	2.825	1.26633
57	2.875	0.933846
58	2.925	0.985902
59	2.975	0.881114
60	3.025	0.991367
61	3.075	0.90048
62	3.125	0.912639
63	3.175	0.907803
64	3.225	1.03289
65	3.275	1.00902
66	3.325	0.892525
67	3.375	1.19462
68	3.425	1.1193
69	3.475	0.929163
70	3.525	0.999055
71	3.575	0.834326
72	3.625	1.01131
73	3.675	1.01344
74	3.725	0.997885
75	3.775	1.13356
76	3.825	0.989903
77	3.875	0.953923
78	3.925	1.15705
79	3.975	0.987112
80	4.025	1.04133
81	4.075	0.948844
82	4.125	0.893244
83	4.175	0.958719
84	4.225	1.00303
85	4.275	1.00583
86	4.325	0.940168
87	4.375	1.01442
88	4.425	1.06072
89	4.475	0.969593
90	4.525	1.04156
91	4.575	0.992303
92	4.625	0.911441
93	4.675	0.935741
94	4.725	0.901785
95	4.775	0.959781
96	4.825	0.987846
97	4.875	1.02461
98	4.925	0.9547
99	4.975	0.970973
