# 1: Bin number
# 2: r
# 3: g(r)
0	0.025	0
1	0.075	0
2	0.125	0
3	0.175	0
4	0.225	0
5	0.275	0
6	0.325	0
7	0.375	0
8	0.425	0
9	0.475	0
10	0.525	0
11	0.575	0
12	0.625	0
13	0.675	0
14	0.725	0
15	0.775	0
16	0.825	0
17	0.875	0
18	0.925	0
19	0.975	0.418462
20	1.025	1.28738
21	1.075	3.23588
22	1.125	3.64621
23	1.175	3.22728
24	1.225	3.39342
25	1.275	2.34939
26	1.325	2.44738
27	1.375	1.76761
28	1.425	1.76331
29	1.475	1.75552
30	1.525	1.30016
31	1.575	1.21892
32	1.625	1.02454
33	1.675	1.21954
34	1.725	1.33706
35	1.775	1.13652
36	1.825	1.31401
37	1.875	1.1317
38	1.925	1.07368
39	1.975	0.816005
40	2.025	1.22253
41	2.075	0.997991
42	2.125	1.21591
43	2.175	1.34568
44	2.225	1.10908
45	2.275	1.04549
46	2.325	1.03045
47	2.375	0.874659
48	2.425	1.09606
49	2.475	1.02625
50	2.525	1.01097
51	2.575	0.996094
52	2.625	0.935413
53	2.675	1.05646
54	2.725	1.01805
55	2.775	1.08503
56	2.825	1.1367
57	2.875	1.03012
58	2.925	0.818485
59	2.975	1.01598
60	3.025	0.765266
61	3.075	1.05196
62	3.125	0.880044
63	3.175	1.09726
64	3.225	1.07115
65	3.275	1.14256
66	3.325	0.84214
67	3.375	0.98504
68	3.425	0.909005
69	3.475	0.896214
70	3.525	0.967034
71	3.575	1.0896
72	3.625	1.00525
73	3.675	0.995762
74	3.725	1.09538
75	3.775	0.982794
76	3.825	1.07149
77	3.875	0.99102
78	3.925	1.11056
79	3.975	1.01229
80	4.025	0.997123
81	4.075	0.953636
82	4.125	1.00548
83	4.175	1.0135
84	4.225	1.13677
85	4.275	0.966643
86	4.325	0.978455
87	4.375	0.881384
88	4.425	0.955052
89	4.475	0.957672
90	4.525	0.913306
91	4.575	0.965689
92	4.625	1.00817
93	4.675	1.03405
94	4.725	0.95525
95	4.775	1.00166
96	4.825	1.03912
97	4.875	0.813661
98	4.925	0.957981
99	4.975	1.00312
