# 1: Bin number
# 2: r
# 3: g(r)
0	0.025	0
1	0.075	0
2	0.125	0
3	0.175	0
4	0.225	0
5	0.275	0
6	0.325	0
7	0.375	0
8	0.425	0
9	0.475	0
10	0.525	0
11	0.575	0
12	0.625	0
13	0.675	0
14	0.725	0
15	0.775	0
16	0.825	0
17	0.875	0
18	0.925	0
19	0.975	0.251077
20	1.025	1.59029
21	1.075	3.99322
22	1.125	2.82896
23	1.175	3.22728
24	1.225	3.23435
25	1.275	1.95783
26	1.325	2.22077
27	1.375	1.93595
28	1.425	2.50782
29	1.475	1.49951
30	1.525	1.06065
31	1.575	1.53969
32	1.625	1.26561
33	1.675	1.47479
34	1.725	1.17661
35	1.775	0.833448
36	1.825	1.0751
37	1.875	0.882727
38	1.925	1.11663
39	1.975	1.26481
40	2.025	1.20312
41	2.075	1.20129
42	2.125	1.18067
43	2.175	0.97562
44	2.225	1.093
45	2.275	1.09161
46	2.325	0.927402
47	2.375	1.01573
48	2.425	1.13666
49	2.475	1.19512
50	2.525	1.03593
51	2.575	0.996094
52	2.625	0.981606
53	2.675	0.85629
54	2.725	0.953751
55	2.775	1.0747
56	2.825	1.10679
57	2.875	0.981982
58	2.925	0.920795
59	2.975	0.836159
60	3.025	1.06094
61	3.075	1.00988
62	3.125	0.888193
63	3.175	1.042
64	3.225	0.956383
65	3.275	1.00902
66	3.325	1.05807
67	3.375	0.999012
68	3.425	0.909005
69	3.475	0.962113
70	3.525	1.05669
71	3.575	0.933947
72	3.625	1.02948
73	3.675	1.01933
74	3.725	1.13552
75	3.775	1.06655
76	3.825	1.00622
77	3.875	0.916826
78	3.925	1.00209
79	3.975	1.04755
80	4.025	1.12483
81	4.075	0.972804
82	4.125	1.09434
83	4.175	0.981546
84	4.225	0.936162
85	4.275	0.992768
86	4.325	0.927405
87	4.375	0.943746
88	4.425	1.00788
89	4.475	0.94575
90	4.525	1.01824
91	4.575	0.946679
92	4.625	1.00445
93	4.675	1.02313
94	4.725	0.926736
95	4.775	0.987702
96	4.825	0.953665
97	4.875	0.934203
98	4.925	0.990788
99	4.975	0.938822
