# 1: Bin number
# 2: r
# 3: g(r)
0	0.025	0
1	0.075	0
2	0.125	0
3	0.175	0
4	0.225	0
5	0.275	0
6	0.325	0
7	0.375	0
8	0.425	0
9	0.475	0
10	0.525	0
11	0.575	0
12	0.625	0
13	0.675	0
14	0.725	0
15	0.775	0
16	0.825	0
17	0.875	0
18	0.925	0
19	0.975	0.0836923
20	1.025	1.8932
21	1.075	3.51128
22	1.125	2.82896
23	1.175	3.57306
24	1.225	3.02226
25	1.275	2.05572
26	1.325	2.22077
27	1.375	2.48307
28	1.425	1.80249
29	1.475	1.75552
30	1.525	1.09487
31	1.575	1.18685
32	1.625	1.38614
33	1.675	1.1061
34	1.725	1.31032
35	1.775	1.2628
36	1.825	1.31401
37	1.875	0.927995
38	1.925	1.20252
39	1.975	0.897605
40	2.025	1.16431
41	2.075	1.23825
42	2.125	1.25115
43	2.175	1.0429
44	2.225	0.964413
45	2.275	1.01474
46	2.325	0.942123
47	2.375	1.1427
48	2.425	0.97428
49	2.475	1.15615
50	2.525	1.01097
51	2.575	1.14011
52	2.625	0.854575
53	2.675	0.945255
54	2.725	1.07163
55	2.775	1.0437
56	2.825	0.877454
57	2.875	1.00124
58	2.925	1.05101
59	2.975	1.04295
60	3.025	0.904405
61	3.075	0.967806
62	3.125	1.08376
63	3.175	1.01042
64	3.225	0.757456
65	3.275	0.912566
66	3.325	1.01489
67	3.375	1.01298
68	3.425	1.06503
69	3.475	0.929163
70	3.525	1.05669
71	3.575	1.10206
72	3.625	1.12031
73	3.675	0.98987
74	3.725	1.08391
75	3.775	0.954874
76	3.825	1.0171
77	3.875	1.07581
78	3.925	0.965932
79	3.975	1.03244
80	4.025	1.02168
81	4.075	0.953636
82	4.125	0.958718
83	4.175	0.999807
84	4.225	0.989657
85	4.275	1.05373
86	4.325	0.965693
87	4.375	0.943746
88	4.425	0.837194
89	4.475	1.06894
90	4.525	1.00269
91	4.575	1.08735
92	4.625	1.04165
93	4.675	0.819229
94	4.725	0.969508
95	4.775	1.03307
96	4.825	0.98101
97	4.875	0.991126
98	4.925	0.91205
99	4.975	0.88738
